1573625312271 0.07891991790997721 0
1573625313016 0.07747995076339145 0
1573625313769 0.07722376070370579 0
1573625313992 0.0772015765189338 0
1573625314250 0.0772950909317971 0
1573625314514 0.077639147978739 0
1573625314754 0.0780683880530464 0
1573625315042 0.07857911449317338 0
1573625315550 0.07921530154267849 0
1573625315880 0.07998298456152486 0
1573625316763 0.07775999133524317 0
1573625317081 0.07734590912737688 0
1573625317391 0.07922176421598803 0
1573625317661 0.08165477040734692 0
1573625318111 0.08472828323135842 0
1573625318427 0.08790470119930754 0
1573625318729 0.09090058394496789 0
1573625319080 0.09367844398009025 0
1573625319417 0.09616049761534283 0
1573625319736 0.09879744308843501 0
1573625320776 0.07809981165655028 0
1573625321044 0.08512120969631945 0
1573625321319 0.09337280365296828 0
1573625321567 0.10058374029151358 0
1573625321848 0.10454343779869095 0
1573625322099 0.10645854244542684 0
1573625322334 0.10767751268093949 0
1573625322592 0.10908752709893998 0
1573625322949 0.11039287060969305 0
1573625323176 0.1112395378648829 0
1573625323969 0.08337494142117523 0
1573625324187 0.10260402277542154 0
1573625324443 0.10860778130963912 0
1573625324824 0.11189587888721904 0
1573625325046 0.11429762902979258 0
1573625325686 0.11543176341062608 0
1573625326339 0.11542906546413423 0
1573625326590 0.11542723206207357 0
1573625327233 0.11542597647612746 0
1573625327452 0.11542472237764227 0
1573625328481 0.09119726578980455 0
1573625328740 0.11282862361444045 0
1573625329030 0.11542920801026224 0
1573625329316 0.11542517192071922 0
1573625329748 0.11542127856531663 0
1573625330020 0.11541902629794619 0
1573625332208 0.11546562233204279 0
1573625332487 0.11553063940544907 0
1573625332773 0.1155972391243314 0
1573625333088 0.11566384149841927 0
