1573625312222 0.9000325455793695 0
1573625312977 0.9038377936478398 0
1573625313743 0.9053508905965446 0
1573625313957 0.9059166194998671 0
1573625314196 0.9058109599534634 0
1573625314480 0.9053832554497385 0
1573625314721 0.9047055660136231 0
1573625314997 0.9040281151184852 0
1573625315514 0.903173291167156 0
1573625315830 0.9020703440392291 0
1573625316711 0.90253164869935 0
1573625317050 0.905122498658336 0
1573625317346 0.9027812980011383 0
1573625317611 0.8991980657069454 0
1573625318064 0.8936097178020722 0
1573625318364 0.8875278951366365 0
1573625318680 0.8813802035618031 0
1573625319015 0.8750161487362936 0
1573625319383 0.8691254525502887 0
1573625319632 0.8628550236126219 0
1573625320601 0.9027844815961967 0
1573625321011 0.8931780984788503 0
1573625321280 0.8755685560747222 0
1573625321525 0.8583105140444985 0
1573625321769 0.8476219389963706 0
1573625322061 0.8418694583084598 0
1573625322303 0.8378521228434745 0
1573625322534 0.833881859826806 0
1573625322917 0.8302534801214254 0
1573625323138 0.8280372292872219 0
1573625323895 0.8960918029176003 0
1573625324156 0.8527235327895053 0
1573625324396 0.8352435088341612 0
1573625324724 0.8266935872631458 0
1573625325010 0.8214679933282035 0
1573625325659 0.818679770290132 0
1573625326101 0.8186155874085205 0
1573625326554 0.8185496965365686 0
1573625326957 0.8184822899821488 0
1573625327421 0.8184132189131217 0
1573625328434 0.8800047860021638 0
1573625328708 0.8247444736786792 0
1573625328975 0.8185888150705918 0
1573625329274 0.818373278291804 0
1573625329678 0.8181410806489612 0
1573625329974 0.817892226989023 0
1573625332172 0.8175775186539794 0
1573625332444 0.8172342890525301 0
1573625332726 0.8168812291114569 0
1573625333030 0.8165180500826661 0
