1573625312190 0.12113252803450762 0
1573625312927 0.11880471422657228 0
1573625313720 0.11786632163031693 0
1573625313928 0.11751354322952931 0
1573625314164 0.1175795110100394 0
1573625314455 0.11784616796810515 0
1573625314691 0.11826744968262334 0
1573625314961 0.11868708856219772 0
1573625315482 0.11921449118471004 0
1573625315787 0.11989155105226892 0
1573625316665 0.11960883885509684 0
1573625317014 0.1180084439270918 0
1573625317302 0.11945556136663386 0
1573625317563 0.12163705516156817 0
1573625318018 0.12496328830793037 0
1573625318333 0.1284854280721496 0
1573625318627 0.13195019961909954 0
1573625318958 0.13544357733355294 0
1573625319355 0.1385986693798415 0
1573625319584 0.14188007729265928 0
1573625320532 0.11945360546082318 0
1573625320978 0.12521651621136576 0
1573625321231 0.13514392709292355 0
1573625321488 0.14421162703818627 0
1573625321738 0.14955215856922652 0
1573625322031 0.152348907313409 0
1573625322265 0.1542719958053221 0
1573625322499 0.1561492830238931 0
1573625322884 0.1578453905329795 0
1573625323113 0.15887248234925985 0
1573625323834 0.12349698898723294 0
1573625324109 0.1470273546463742 0
1573625324369 0.1555079984035957 0
1573625324651 0.1594919547446222 0
1573625324986 0.16187862527754154 0
1573625325635 0.16313779749851415 0
1573625326056 0.16316666831876325 0
1573625326519 0.16319630211608266 0
1573625326909 0.163226612010202 0
1573625327394 0.1632576645291842 0
1573625328387 0.1327129877992551 0
1573625328676 0.1603863208478032 0
1573625328943 0.16317870957396313 0
1573625329222 0.16327561807734156 0
1573625329634 0.16337995323236523 0
1573625329931 0.16349169864494467 0
1573625332150 0.1636329062096088 0
1573625332403 0.16378677228872515 0
1573625332681 0.16394489453174815 0
1573625333001 0.1641073897649457 0
