1573623345927 0.08609880592038338 0
1573623346637 0.0860988260446953 0
1573623347276 0.08609884616943977 0
1573623347852 0.08609886629461748 0
1573623349217 0.08609888642022735 0
1573623350126 0.08609890654627028 0
1573623350894 0.08609892667274563 0
1573623351530 0.0860989467996539 0
1573623352356 0.08609896692699491 0
1573623353223 0.08609898705476843 0
1573623353784 0.0860988209715969 0
1573623354549 0.08609884757421706 0
1573623355155 0.08609887417759293 0
1573623355766 0.08609890078172495 0
1573623356507 0.08609892738661355 0
1573623357124 0.0860989539922581 0
1573623357887 0.0860989805986583 0
1573623358938 0.08609900720581498 0
1573623359555 0.08609903381372823 0
1573623360316 0.08609906042239736 0
1573623360973 0.0860988408670683 0
1573623361742 0.08609887603322947 0
1573623362516 0.08609891120071149 0
1573623363273 0.08609894636951525 0
1573623363921 0.0860989815396396 0
1573623364923 0.08609901671108602 0
