1573623345884 0.8783901769185187 0
1573623346604 0.8783900433417665 0
1573623347234 0.8783899097467538 0
1573623347820 0.8783897761334789 0
1573623348906 0.8783896425019422 0
1573623350087 0.8783895088521425 0
1573623350847 0.8783893751840772 0
1573623351489 0.8783892414977469 0
1573623352276 0.8783891077931489 0
1573623353155 0.8783889740702848 0
1573623353753 0.8783900627050938 0
1573623354481 0.8783898861075872 0
1573623355122 0.8783897094781714 0
1573623355735 0.8783895328168428 0
1573623356476 0.8783893561235983 0
1573623357077 0.8783891793984364 0
1573623357824 0.8783890026413561 0
1573623358903 0.8783888258523525 0
1573623359520 0.8783886490314228 0
1573623360269 0.8783884721785665 0
1573623360942 0.878389911714177 0
1573623361681 0.8783896782331362 0
1573623362461 0.8783894446963335 0
1573623363222 0.8783892111037608 0
1573623363905 0.8783889774554147 0
1573623364870 0.878388743751288 0
