1573623345815 0.13360287157801506 0
1573623346576 0.133602944952979 0
1573623347199 0.1336030183379333 0
1573623347791 0.1336030917328789 0
1573623348886 0.1336031651378155 0
1573623350058 0.13360323855274386 0
1573623350815 0.1336033119776652 0
1573623351466 0.1336033854125794 0
1573623352212 0.13360345885748776 0
1573623353097 0.13360353231238942 0
1573623353722 0.13360293431652404 0
1573623354417 0.13360303132313817 0
1573623355097 0.13360312834720975 0
1573623355704 0.1336032253887409 0
1573623356445 0.1336033224477332 0
1573623357061 0.13360341952418742 0
1573623357793 0.13360351661810413 0
1573623358864 0.13360361372948595 0
1573623359490 0.1336037108583344 0
1573623360209 0.13360380800464963 0
1573623360895 0.1336030172572102 0
1573623361637 0.13360314551037156 0
1573623362418 0.13360327379404022 0
1573623363179 0.13360340210822064 0
1573623363874 0.13360353045291448 0
1573623364830 0.1336036588281257 0
