1573623391208 0.08436646693095819 0
1573623391732 0.09175819366728591 0
1573623392174 0.09845278089480389 0
1573623392588 0.1035219636453389 0
1573623392918 0.10567302592640015 0
1573623393272 0.10693575326279474 0
1573623393724 0.10809806698987617 0
1573623394115 0.10936931456416635 0
1573623394633 0.11047388732120673 0
1573623395021 0.1112395378648829 0
1573623395412 0.0864468539638948 0
1573623395870 0.09497595121377006 0
1573623396417 0.1022166078577508 0
1573623396844 0.10543734240230221 0
1573623397277 0.10703002052193908 0
1573623397674 0.10844869489170235 0
1573623398040 0.10996930598509204 0
1573623398604 0.11099126452439331 0
1573623399259 0.11198422995926721 0
1573623399671 0.11305639378562148 0
1573623400175 0.08900455537320184 0
1573623400758 0.09833671129555051 0
1573623401139 0.10451669733269876 0
1573623401897 0.10686568292645696 0
1573623402331 0.10855474928145192 0
1573623402798 0.11032780212654908 0
1573623403293 0.1114412130242284 0
1573623403743 0.11271269165431211 0
1573623404167 0.11364328776145402 0
1573623404620 0.1145702497160415 0
1573623404986 0.09153192623252734 0
1573623405480 0.1020300801447277 0
1573623406021 0.10630335050721598 0
1573623406506 0.1083193819685748 0
1573623406855 0.11040414081585968 0
1573623407253 0.11176360559518449 0
1573623407608 0.11321417804210043 0
1573623408004 0.1142548515332414 0
1573623408391 0.11523771689058489 0
1573623408811 0.11543154609621668 0
1573623409276 0.09440881270372845 0
1573623409662 0.10446052452850278 0
1573623410053 0.10761421380107442 0
1573623410617 0.11013733450118757 0
1573623410950 0.11185057211355284 0
1573623411354 0.11346293625369383 0
1573623411648 0.11476693994890806 0
1573623412064 0.11543207609021355 0
1573623412409 0.1154304626323965 0
1573623412822 0.1154288092405867 0
1573623413200 0.09741696596850137 0
1573623413713 0.10626759555203369 0
1573623414049 0.10927100664324362 0
1573623414375 0.1115879146111652 0
1573623414812 0.11352577339607256 0
1573623415174 0.11504054335242601 0
1573623415555 0.1154314001761673 0
1573623416041 0.11542944576745398 0
1573623416470 0.11542763853982091 0
1573623416882 0.11542678141489823 0
1573623417623 0.1005080104346642 0
1573623417989 0.10763577120985025 0
1573623418352 0.11090414334835151 0
1573623418785 0.11331769073812457 0
1573623419137 0.1150849295999987 0
1573623419936 0.11543104248033932 0
1573623420533 0.11542863419848332 0
1573623421075 0.11542717958200222 0
1573623421479 0.11542607571137622 0
1573623421857 0.11542497261900936 0
1573623422293 0.10362506361702657 0
1573623422691 0.10921225442178814 0
1573623423145 0.1124774248314856 0
1573623423681 0.11483510870405154 0
1573623424217 0.11543105695844541 0
1573623424791 0.11542815181351275 0
1573623425613 0.11542678463602346 0
1573623426208 0.11542545243600945 0
1573623426809 0.1154241931886067 0
1573623427454 0.11542286516187988 0
1573623428264 0.10553175237163534 0
1573623428837 0.11085908074072158 0
1573623429336 0.11401429686929136 0
1573623429943 0.1154316325091237 0
1573623430456 0.11542816934731538 0
1573623431168 0.1154265834454094 0
1573623431838 0.11542497709032432 0
1573623432427 0.1154234435798333 0
1573623433025 0.11542184015868395 0
1573623433515 0.11542023658166171 0
1573623434160 0.10728231820318489 0
1573623434699 0.11234368136080206 0
1573623435305 0.11543310889591421 0
1573623436005 0.11542891448737697 0
1573623436487 0.11542667310372894 0
1573623436954 0.1154247352899583 0
1573623437669 0.11542286993956924 0
1573623438259 0.11542093456614154 0
1573623438769 0.11541899906499523 0
1573623439146 0.11541780533264182 0
1573623439522 0.10867894039184743 0
1573623439901 0.11387583870030603 0
1573623440298 0.11543068960119574 0
1573623440693 0.11542718256905361 0
1573623441240 0.11542484347521415 0
1573623441623 0.11542257758286546 0
1573623442202 0.11542024165209161 0
1573623442753 0.11541799275864986 0
1573623443116 0.11542226922650585 0
1573623443714 0.11545838846137119 0
1573623444322 0.11023275772351535 0
1573623445001 0.1152702519282284 0
1573623445616 0.11542822554631986 0
1573623446296 0.11542545692767169 0
1573623446830 0.11542270770134093 0
1573623447312 0.11541988825789017 0
1573623447919 0.11541860722721163 0
1573623448430 0.11544561583208393 0
1573623448952 0.11549103902344184 0
1573623449315 0.11553794180399057 0
1573623449780 0.1116871780330627 0
1573623450238 0.11543158676440946 0
1573623450718 0.11542678183905132 0
1573623451128 0.11542344779083925 0
1573623451616 0.11542004473399417 0
1573623452109 0.11541959500251499 0
1573623452760 0.11546623137143593 0
1573623453379 0.11552186279368587 0
1573623453983 0.11557905108719177 0
1573623454479 0.11563624129089281 0
1573623454852 0.11318173038717906 0
1573623455268 0.11542903223812334 0
1573623455655 0.11542504467392228 0
1573623456111 0.11542093742711054 0
1573623456615 0.11542003610107017 0
1573623457025 0.11547977377441043 0
1573623457545 0.11554782018433839 0
1573623457860 0.11561683332835221 0
1573623458220 0.11568584938482337 0
1573623458657 0.11575831603785387 0
1573623459094 0.11448224234298518 0
1573623459565 0.11542775462269972 0
1573623459912 0.11542286462553451 0
1573623460309 0.11541966395980355 0
1573623460821 0.11548243707713302 0
1573623461261 0.11556487261546022 0
1573623461665 0.11564815475443188 0
1573623462066 0.11573258424728036 0
1573623462477 0.11582397357195866 0
1573623462935 0.11591776232332157 0
1573623463361 0.11543443813486166 0
1573623463724 0.11542621656217436 0
1573623464143 0.11542031880587593 0
1573623464643 0.11546914480735981 0
1573623464981 0.115568228710603 0
1573623465451 0.1156687284072575 0
1573623465796 0.11577402012530864 0
1573623466155 0.11588548319263933 0
1573623466472 0.11600613447575911 0
1573623466990 0.11613544907655322 0
1573623467636 0.11543229673228117 0
1573623468066 0.1154242772901253 0
1573623468428 0.1154333344021806 0
1573623468770 0.11555149781895786 0
1573623469126 0.11567277190871954 0
1573623469442 0.11580121568955778 0
1573623469803 0.11593859429315799 0
1573623470121 0.11608877847746403 0
1573623470555 0.11626489281178994 0
1573623471065 0.11646394036403612 0
1573623471531 0.11543059291503419 0
1573623471934 0.11542193378537903 0
1573623472309 0.11550612057026008 0
1573623472636 0.11565257345115738 0
1573623472986 0.11580651269395652 0
1573623473406 0.11597534621267702 0
1573623473706 0.11616596447910107 0
1573623473995 0.11639493871006136 0
1573623474390 0.11665182008240035 0
1573623474740 0.11692526784830015 0
1573623475254 0.11542956667279271 0
1573623475594 0.11542586091083915 0
1573623475972 0.11559794306610627 0
1573623476326 0.1157796982718436 0
1573623476660 0.11598255089604334 0
1573623476983 0.1162191118043679 0
1573623477340 0.11650579707671703 0
1573623477690 0.11683219151396533 0
1573623478026 0.11715737556445305 0
1573623478354 0.11747652782722219 0
1573623478806 0.11542840000209707 0
1573623479118 0.11549573109005049 0
1573623479454 0.11570859994122122 0
1573623479769 0.11594626038007726 0
1573623480154 0.11622950894284707 0
1573623480498 0.11658406248798008 0
1573623480902 0.11698405066225594 0
1573623481248 0.11736489357097486 0
1573623481644 0.11776962897450412 0
1573623481932 0.11819549160889273 0
1573623482418 0.11542690443490117 0
1573623482728 0.11558499178365199 0
1573623483084 0.11585382360340354 0
1573623483405 0.11617672706052122 0
1573623483737 0.11659932844778967 0
1573623484038 0.11708255902464366 0
1573623484353 0.11754368660737094 0
1573623484651 0.1180459991524773 0
1573623484924 0.11854712822326259 0
1573623485301 0.1190389869204469 0
1573623485616 0.11542518053480567 0
1573623486078 0.1156929390694359 0
1573623486484 0.11604659701547994 0
1573623486753 0.11652138637703624 0
1573623487071 0.11709966565543584 0
1573623487402 0.11766419216090018 0
1573623487714 0.11828582987135702 0
1573623488057 0.1188692462100617 0
1573623488374 0.11951302778320005 0
1573623488729 0.12025028853322224 0
1573623489066 0.11545093688552653 0
1573623489430 0.11583269421692513 0
1573623489784 0.11632638635944711 0
1573623490385 0.117004318252312 0
1573623490765 0.11768782726534704 0
1573623491034 0.11843128993070111 0
1573623491438 0.11914579761683652 0
1573623491744 0.11998764743018712 0
1573623492059 0.12096493928933566 0
1573623492420 0.12203990486318769 0
1573623492893 0.11552852575447696 0
1573623493246 0.11601827372533464 0
1573623493551 0.11673938280280319 0
1573623493862 0.11756638458680733 0
1573623494199 0.1184560872530598 0
1573623494528 0.11934170200757482 0
1573623495074 0.12041540936407788 0
1573623495380 0.12166068304590917 0
1573623495687 0.12304153376404563 0
1573623496035 0.1244946190735603 0
1573623496360 0.11562487220854929 0
1573623496817 0.11628136916115855 0
1573623497163 0.11725304494987202 0
1573623497532 0.11831574171866355 0
1573623497965 0.11938014845128593 0
1573623498324 0.12070390578080079 0
1573623498668 0.12227118683727513 0
1573623499017 0.1240042585140536 0
1573623499320 0.125585110848809 0
1573623499718 0.12714607172755735 0
1573623500118 0.1157419325361392 0
1573623500513 0.11667564716390463 0
1573623501069 0.1179012674542493 0
1573623501451 0.11918299389633148 0
1573623501799 0.12076187576684216 0
1573623502092 0.12268130187921956 0
1573623502397 0.12475188457808306 0
1573623502707 0.12660233502188542 0
1573623503049 0.1286067555098818 0
1573623503360 0.1308538957735353 0
1573623503825 0.1158977100963269 0
1573623504215 0.11718321459815673 0
1573623504560 0.11870182927342689 0
1573623504923 0.12047060900460552 0
1573623505241 0.1227599795108398 0
1573623505585 0.12520135682183825 0
1573623505923 0.1274734939588636 0
1573623506279 0.13006620968985716 0
1573623506636 0.1329235520860144 0
1573623507131 0.13608416046263988 0
1573623507848 0.11610517920900311 0
1573623508212 0.11780176521867872 0
1573623508558 0.1197377376429545 0
1573623508908 0.12234672132209753 0
1573623509272 0.125286001601507 0
1573623509611 0.12806932106027424 0
1573623509894 0.13133059847021358 0
1573623510240 0.1349439427426062 0
1573623510674 0.1390308898236099 0
1573623511127 0.14247963261652993 0
1573623511489 0.11641639567448998 0
1573623511775 0.11858876112336424 0
1573623512094 0.1212877186882543 0
1573623512408 0.12483649227736932 0
1573623512736 0.1281844877767668 0
1573623513058 0.13217656583851542 0
1573623513392 0.13675220374295355 0
1573623513721 0.1416228409074428 0
1573623514094 0.1446978823914935 0
1573623514593 0.1478992842634443 0
1573623514900 0.11685933383977762 0
1573623515325 0.11957035793922685 0
1573623515683 0.12348963893136922 0
1573623516010 0.12757835667005235 0
1573623516353 0.13233281220825577 0
1573623516706 0.13795889184409393 0
1573623517008 0.1429911296214204 0
1573623517337 0.14680734089747458 0
1573623517674 0.15069849932048854 0
1573623518206 0.15477798901009177 0
1573623518605 0.11739162604153329 0
1573623518943 0.12103928556097192 0
1573623519322 0.12605880852718815 0
1573623519643 0.13147396513110177 0
1573623520068 0.13817502915784033 0
1573623520435 0.14390222751280024 0
1573623520801 0.148543696118595 0
1573623521251 0.15334492650462062 0
1573623521826 0.1584372784718124 0
1573623522248 0.1637249056006316 0
1573623522589 0.11807686864954198 0
1573623522988 0.12313889423667208 0
1573623523342 0.12926807259126274 0
1573623524018 0.1369384924628075 0
1573623524496 0.144074033466364 0
1573623524801 0.14969346726078994 0
1573623525351 0.15561184575388046 0
1573623525758 0.161849618908544 0
1573623526219 0.16726147881345454 0
1573623526648 0.16786359859085168 0
1573623527043 0.11891884344526296 0
1573623527357 0.12568952606218917 0
1573623527792 0.1337963371177324 0
1573623528240 0.14315618080164055 0
1573623528590 0.14990329506652447 0
1573623529020 0.15710960563060483 0
1573623529376 0.16480346861964576 0
1573623529675 0.16764618975872794 0
1573623529991 0.16844464709996637 0
1573623530498 0.1694017656337834 0
1573623530889 0.12004904332630811 0
1573623531300 0.1287305400369908 0
1573623531706 0.14022595804319893 0
1573623532035 0.1487382182277831 0
