1573623391169 0.8946395095614784 0
1573623391643 0.8792964787669288 0
1573623392127 0.8635610603552755 0
1573623392517 0.8505592544516252 0
1573623392880 0.8443027820298943 0
1573623393221 0.8403458328951992 0
1573623393642 0.836494652036321 0
1573623394068 0.8331338341142271 0
1573623394594 0.8300447330208359 0
1573623394953 0.8280372292872219 0
1573623395358 0.8905562301221734 0
1573623395816 0.8716073428437869 0
1573623396344 0.8542138378832729 0
1573623396790 0.8450280096983945 0
1573623397227 0.8400700591394402 0
1573623397625 0.8355059609066061 0
1573623397994 0.8314821534563194 0
1573623398549 0.8287076405679569 0
1573623398967 0.8266050017433026 0
1573623399625 0.8245510103551861 0
1573623400122 0.8853840505329393 0
1573623400680 0.8636426107482718 0
1573623401087 0.8476344641768492 0
1573623401773 0.8406162576682724 0
1573623402268 0.8352418348689735 0
1573623402722 0.8304849176507119 0
1573623403219 0.8275911777066722 0
1573623403674 0.8252296278335564 0
1573623404105 0.8230380944404619 0
1573623404574 0.8207956846779538 0
1573623404939 0.8797803302089457 0
1573623405416 0.8545234403844562 0
1573623405974 0.8424368689128119 0
1573623406465 0.8359407319648287 0
1573623406768 0.830282162107838 0
1573623407222 0.826985985593202 0
1573623407560 0.8241399745350798 0
1573623407951 0.8215702793850789 0
1573623408289 0.8191744671022431 0
1573623408764 0.8186807909172793 0
1573623409213 0.8729579774174764 0
1573623409603 0.8477410661037974 0
1573623410022 0.8382715001313791 0
1573623410554 0.8310747020214975 0
1573623410911 0.8268142900029257 0
1573623411308 0.8234983616229237 0
1573623411598 0.8203064115929726 0
1573623412008 0.8186914011085178 0
1573623412354 0.818652993452565 0
1573623412791 0.8186140809937499 0
1573623413138 0.8654711150917982 0
1573623413664 0.8425366040402066 0
1573623414018 0.8334823522428092 0
1573623414328 0.8272744252300158 0
1573623414749 0.8233396937219742 0
1573623415128 0.8196482482975675 0
1573623415492 0.8186739793563221 0
1573623416004 0.818627243544469 0
1573623416420 0.818579719197011 0
1573623416829 0.8185311783365072 0
1573623417579 0.8579899676685274 0
1573623417936 0.8383298729173294 0
1573623418282 0.8290173151369886 0
1573623418754 0.8238736363212203 0
1573623419090 0.8195423264442298 0
1573623419878 0.8186622929192828 0
1573623420433 0.8186056492243823 0
1573623421022 0.8185475720288795 0
1573623421427 0.818488355799728 0
1573623421794 0.8184278541344288 0
1573623422246 0.8499635068264928 0
1573623422643 0.8336689709052916 0
1573623423046 0.8255958810247622 0
1573623423602 0.8201441079366214 0
1573623424170 0.8186598688936253 0
1573623424701 0.8185912926630392 0
1573623425523 0.8185207012026929 0
1573623426124 0.8184483829337805 0
1573623426736 0.8183740131954129 0
1573623427339 0.8182979448723673 0
1573623428018 0.8444906269990571 0
1573623428758 0.8291781352372105 0
1573623429235 0.8221574158572815 0
1573623429870 0.8186710105795454 0
1573623430348 0.818588297417361 0
1573623431042 0.8185028236770118 0
1573623431739 0.8184147660373321 0
1573623432330 0.8183238034446085 0
1573623432941 0.8182302924773475 0
1573623433428 0.8181340593614057 0
1573623434037 0.8395406116207773 0
1573623434612 0.8257949188541583 0
1573623435202 0.8187008871059913 0
1573623435902 0.8186020078982622 0
1573623436412 0.8184991084050384 0
1573623436878 0.8183923809949492 0
1573623437527 0.8182815067289456 0
1573623438179 0.8181668423300303 0
1573623438722 0.8180482133038611 0
1573623439101 0.8179253952823657 0
1573623439487 0.8353835515203316 0
1573623439854 0.8224909752964316 0
1573623440145 0.8186390593569485 0
1573623440637 0.8185162241415157 0
1573623441146 0.818387749578131 0
1573623441508 0.8182533168784516 0
1573623442130 0.8181132849269132 0
1573623442657 0.8179672547358331 0
1573623443055 0.8178123813556372 0
1573623443619 0.8176155668439389 0
1573623444239 0.8310500011601885 0
1573623444931 0.8190942359683546 0
1573623445531 0.8185625055958854 0
1573623446251 0.8184092397357711 0
1573623446760 0.8182475135612797 0
1573623447266 0.8180775535944455 0
1573623447880 0.8178989613396441 0
1573623448348 0.8176828139179358 0
1573623448867 0.8174420708512362 0
1573623449268 0.8171959122692498 0
1573623449717 0.8272158968304576 0
1573623450173 0.8186470522641538 0
1573623450641 0.8184670071959622 0
1573623451046 0.8182746600044651 0
1573623451559 0.8180702385394514 0
1573623452043 0.8178533509466557 0
1573623452603 0.8175742706480266 0
1573623453277 0.8172800285296228 0
1573623453898 0.8169786135943469 0
1573623454403 0.8166697376521014 0
1573623454805 0.8240095801121209 0
1573623455196 0.8185725101402443 0
1573623455602 0.8183474062571048 0
1573623456041 0.8181047642750396 0
1573623456536 0.8178440712546643 0
1573623456962 0.8175024483924651 0
1573623457493 0.8171442936943616 0
1573623457829 0.8167755630442359 0
1573623458173 0.8163959662632494 0
1573623458578 0.8160055022823061 0
1573623459007 0.8210243684895695 0
1573623459511 0.818479596517047 0
1573623459879 0.8181969621240027 0
1573623460251 0.8178883047197061 0
1573623460684 0.8174883790678942 0
1573623461177 0.8170543822737149 0
1573623461620 0.8166048521134421 0
1573623461995 0.8161394974518363 0
1573623462408 0.8156583164100606 0
1573623462861 0.8151613071089933 0
1573623463314 0.8186830542601878 0
1573623463663 0.8183633533484076 0
1573623464105 0.8180059889945529 0
1573623464591 0.8175592135369125 0
1573623464931 0.8170368017938395 0
1573623465407 0.8164916369678287 0
1573623465741 0.8159234273725721 0
1573623466111 0.8153321697063453 0
1573623466428 0.8147178606668114 0
1573623466943 0.8140804969510217 0
1573623467551 0.818617194134393 0
1573623468021 0.8182173026050139 0
1573623468381 0.8177483733605262 0
1573623468723 0.8171255933727334 0
1573623469079 0.8164695471758988 0
1573623469409 0.8157799429010493 0
1573623469766 0.8150567747463328 0
1573623470068 0.8143000369086011 0
1573623470499 0.813509297867844 0
1573623470999 0.8126853923919424 0
1573623471446 0.8185355004043311 0
1573623471896 0.8180323575627593 0
1573623472262 0.8173624493875052 0
1573623472576 0.816581520125261 0
1573623472939 0.8157520165216158 0
1573623473340 0.8148736377259969 0
1573623473675 0.8139463735413479 0
1573623473948 0.8129697809536454 0
1573623474332 0.8119447019197351 0
1573623474693 0.8108707087378544 0
1573623475182 0.8184338822118812 0
1573623475538 0.8177931165606416 0
1573623475926 0.8168790739814226 0
1573623476266 0.815894168199005 0
1573623476613 0.814838095862248 0
1573623476936 0.813710416168164 0
1573623477278 0.8125119411645985 0
1573623477653 0.8112422452819245 0
1573623477974 0.8099722893859231 0
1573623478292 0.8087772341199818 0
1573623478712 0.8183064092369715 0
1573623479071 0.8174184599355558 0
1573623479423 0.8162708324257201 0
1573623479725 0.8150198793146203 0
1573623480113 0.813664855805877 0
1573623480447 0.8122065580616636 0
1573623480867 0.8106433927306685 0
1573623481198 0.8091906555782655 0
1573623481574 0.8076965501857517 0
1573623481883 0.8061213534744317 0
1573623482355 0.8181460084481122 0
1573623482681 0.8169496081875346 0
1573623483053 0.8155000395397816 0
1573623483374 0.8138995736464187 0
1573623483706 0.8121477118842051 0
1573623483991 0.8102630020920155 0
1573623484322 0.8085250082186702 0
1573623484610 0.8066676109899189 0
1573623484877 0.8048141392915729 0
1573623485269 0.8030518319306099 0
1573623485560 0.8179423530060158 0
1573623486047 0.8163602449397007 0
1573623486389 0.8145163242509647 0
1573623486722 0.8124522107493747 0
1573623487024 0.8101973213403131 0
1573623487355 0.8080794183284685 0
1573623487662 0.805789005857774 0
1573623488019 0.8036629670890684 0
1573623488311 0.8014450664426808 0
1573623488651 0.7990819797410058 0
1573623489015 0.8176575813834468 0
1573623489362 0.8156142113899022 0
1573623489752 0.8132508417374505 0
1573623490354 0.8105663704841984 0
1573623490706 0.8079937680151265 0
1573623490987 0.8052391089110932 0
1573623491385 0.8026769833900145 0
1573623491702 0.7999038847814769 0
1573623492019 0.7969220717145618 0
1573623492378 0.7937430222073228 0
1573623492831 0.8172498550628896 0
1573623493199 0.8146632687219963 0
1573623493504 0.8116107672452598 0
1573623493815 0.8084386599132384 0
1573623494152 0.805142241219236 0
1573623494497 0.8020149531457863 0
1573623495000 0.7985801823486496 0
1573623495333 0.7948500755589488 0
1573623495647 0.7908339237192612 0
1573623495995 0.78660813201116 0
1573623496299 0.8167388203179193 0
1573623496768 0.8134415767137462 0
1573623497118 0.8095990726756994 0
1573623497485 0.8056774036131298 0
1573623497888 0.8018868345324435 0
1573623498260 0.7976914238859725 0
1573623498613 0.7930710863314597 0
1573623498970 0.788034248017642 0
1573623499280 0.7834238388233382 0
1573623499671 0.7787032342490151 0
1573623500047 0.8160952642082325 0
1573623500469 0.8118605600073019 0
1573623501010 0.8072098680203228 0
1573623501399 0.802546863639757 0
1573623501737 0.7975209994160114 0
1573623502052 0.7918760917252312 0
1573623502350 0.785872843266846 0
1573623502666 0.7803537804536855 0
1573623502967 0.7743588579381867 0
1573623503313 0.7678875143676479 0
1573623503722 0.8152790788589764 0
1573623504184 0.8098756532835505 0
1573623504529 0.8042610862547722 0
1573623504878 0.7984107457158549 0
1573623505210 0.7916490918193048 0
1573623505530 0.7845650726735942 0
1573623505873 0.7777081862486502 0
1573623506233 0.7701584837925173 0
1573623506595 0.7619149732416464 0
1573623507019 0.7529766640974026 0
1573623507777 0.814236621850424 0
1573623508166 0.8075766400714501 0
1573623508511 0.8007141871744973 0
1573623508877 0.7928509974972151 0
1573623509226 0.7843164529247509 0
1573623509545 0.7759284541960436 0
1573623509863 0.766532120727291 0
1573623510194 0.7561257126014953 0
1573623510538 0.7447059800212703 0
1573623511063 0.734879154809543 0
1573623511443 0.8128946151876796 0
1573623511728 0.804664394935909 0
1573623512063 0.7959525524981008 0
1573623512362 0.7856311780767149 0
1573623512674 0.7755952570268433 0
1573623513011 0.7640925031015026 0
1573623513330 0.7511198712874305 0
1573623513675 0.7372552864151742 0
1573623514045 0.7285467273192927 0
1573623514485 0.7192242821963952 0
1573623514856 0.811154235488627 0
1573623515282 0.8012599736300939 0
1573623515631 0.789544883148177 0
1573623515969 0.7773969655101189 0
1573623516290 0.7636441491764201 0
1573623516668 0.7477535965468352 0
1573623516962 0.7334315336093784 0
1573623517274 0.7224313570374081 0
1573623517633 0.7107071679025074 0
1573623518092 0.6978041226704665 0
1573623518558 0.809085670182697 0
1573623518895 0.7966954355130494 0
1573623519267 0.7820122179419231 0
1573623519591 0.7661337729224064 0
1573623520016 0.7471487436363142 0
1573623520368 0.7308375020771352 0
1573623520754 0.7172930066128411 0
1573623521200 0.702367476525213 0
1573623521785 0.6857337387629319 0
1573623522196 0.6673826828050572 0
1573623522531 0.8065475311090846 0
1573623522923 0.7905614487353363 0
1573623523287 0.77247477330418 0
1573623523971 0.7506160380272358 0
1573623524385 0.7303465773799689 0
1573623524755 0.713814461520022 0
1573623525305 0.695103849509267 0
1573623525711 0.673906968872598 0
1573623526172 0.6551614929007641 0
1573623526599 0.6537888224553476 0
1573623526998 0.8034914993146841 0
1573623527299 0.7831255686636163 0
1573623527744 0.7593937501249427 0
1573623528189 0.7329653854913373 0
1573623528531 0.7131696235310586 0
1573623528972 0.6901954924749782 0
1573623529314 0.6636020806163784 0
1573623529637 0.6542905270340728 0
1573623529937 0.6524168212306606 0
1573623530462 0.6501952553774786 0
1573623530835 0.7997129809746442 0
1573623531254 0.7740277260467368 0
1573623531663 0.7413298026177592 0
1573623531990 0.7167096346605584 0
