1573623391130 0.12435703424678819 0
1573623391586 0.13310410031213407 0
1573623392080 0.14151439927844803 0
1573623392486 0.14810372343756734 0
1573623392855 0.15117218512684252 0
1573623393180 0.15308110680727893 0
1573623393588 0.15491641759509953 0
1573623394037 0.1565004562395649 0
1573623394545 0.15794241650972585 0
1573623394906 0.15887248234925985 0
1573623395327 0.1267438766380352 0
1573623395762 0.13727819423987758 0
1573623396295 0.14628157103517744 0
1573623396744 0.15081969900562492 0
1573623397184 0.15321325975458364 0
1573623397580 0.15538408928548775 0
1573623397962 0.15727308823381217 0
1573623398502 0.15856249107550627 0
1573623398914 0.15953271166899885 0
1573623399578 0.16047482108774186 0
1573623400078 0.12970418602516906 0
1573623400609 0.14147210094379903 0
1573623401045 0.14954601199451964 0
1573623401679 0.15295140625240083 0
1573623402236 0.1555087884007384 0
1573623402675 0.15773774824463785 0
1573623403160 0.15907839734746282 0
1573623403641 0.16016417088935958 0
1573623404073 0.16116523191747414 0
1573623404530 0.16218313687573696 0
1573623404899 0.13283705225552336 0
1573623405385 0.14612616118681906 0
1573623405927 0.1520753293254938 0
1573623406423 0.15517860705731706 0
1573623406737 0.1578320544404025 0
1573623407189 0.15935735248861568 0
1573623407512 0.16066268854792226 0
1573623407912 0.16183224620275566 0
1573623408250 0.16291510069902415 0
1573623408723 0.16313733835752514 0
1573623409152 0.13655423199678032 0
1573623409576 0.14949368821159878 0
1573623409960 0.1540723630374987 0
1573623410529 0.15746310507424613 0
1573623410867 0.15943640437943074 0
1573623411262 0.16095550496066638 0
1573623411562 0.1624043864442338 0
1573623411953 0.16313256516308672 0
1573623412307 0.16314984290858392 0
1573623412744 0.16316734587469373 0
1573623413106 0.14052035411926317 0
1573623413615 0.15202719099147927 0
1573623413972 0.1563369367043238 0
1573623414293 0.1592244610849863 0
1573623414718 0.16102783498381998 0
1573623415081 0.16270153369024298 0
1573623415453 0.16314040259295343 0
1573623415962 0.1631614255214443 0
1573623416378 0.1631828003755018 0
1573623416787 0.1632046295330441 0
1573623417545 0.14437466100960605 0
1573623417897 0.15404455580271356 0
1573623418234 0.15841909593456238 0
1573623418707 0.1607843035202807 0
1573623419043 0.1627493045552576 0
1573623419816 0.16314565969648107 0
1573623420382 0.16317113826786336 0
1573623420961 0.16319725750380373 0
1573623421384 0.1632238846974671 0
1573623421766 0.16325108541538386 0
1573623422199 0.1483986385929464 0
1573623422597 0.15624930764722886 0
1573623422999 0.1599962608400199 0
1573623423549 0.16247771370277148 0
1573623424123 0.16314675011487717 0
1573623424633 0.16317759527740264 0
1573623425453 0.1632093407888047 0
1573623426070 0.1632418564571291 0
1573623426683 0.163275287751602 0
1573623427283 0.16330947552777114 0
1573623427961 0.15108096479211217 0
1573623428691 0.15834457678543382 0
1573623429189 0.1615657661894332 0
1573623429810 0.163141738103032 0
1573623430301 0.16317894238740843 0
1573623430986 0.1632173794668981 0
1573623431677 0.16325696904787823 0
1573623432283 0.16329785458016124 0
1573623432887 0.16333987487835194 0
1573623433379 0.1633831071237566 0
1573623433953 0.1534666561953444 0
1573623434554 0.15990493731030817 0
1573623435138 0.16312829759014258 0
1573623435816 0.16317277601552066 0
1573623436358 0.16321904999936748 0
1573623436816 0.16326703154434463 0
1573623437447 0.16331686246642343 0
1573623438105 0.16336838082411897 0
1573623438706 0.1634216633834128 0
1573623439051 0.163476809144428 0
1573623439442 0.15544189361041358 0
1573623439823 0.161414179661268 0
1573623440100 0.16315611073149097 0
1573623440569 0.16321135394871267 0
1573623441085 0.16326911337565495 0
1573623441479 0.16332952958499253 0
1573623442068 0.1633924384331833 0
1573623442585 0.16345801617972486 0
1573623443003 0.1635275364003256 0
1573623443559 0.1636158407127312 0
1573623444174 0.15747461706266186 0
1573623444794 0.1629512388856622 0
1573623445454 0.16319054178400538 0
1573623446212 0.1632594532817527 0
1573623446702 0.1633321371855306 0
1573623447219 0.1634084867268661 0
1573623447835 0.16348867565316583 0
1573623448280 0.16358567448432593 0
1573623448802 0.16369364325488048 0
1573623449218 0.163803967197733 0
1573623449664 0.15925143556045315 0
1573623450122 0.16315251539829195 0
1573623450589 0.1632334832540776 0
1573623450999 0.1633199391346473 0
1573623451512 0.16341177200054907 0
1573623451993 0.16350914867171243 0
1573623452521 0.1636343629332643 0
1573623453214 0.16376627612986835 0
1573623453851 0.1639012949271206 0
1573623454340 0.16403954058933662 0
1573623454758 0.16072224055982262 0
1573623455149 0.16318604252235483 0
1573623455562 0.1632872466581873 0
1573623455986 0.16339626552352807 0
1573623456489 0.16351331370911623 0
1573623456919 0.1636665717465002 0
1573623457456 0.16382709231121417 0
1573623457782 0.16399218873819682 0
1573623458138 0.164161976947484 0
1573623458510 0.1643364428742244 0
1573623458944 0.16207962235467227 0
1573623459454 0.1632278230312979 0
1573623459846 0.16335484966780697 0
1573623460211 0.1634934592919772 0
1573623460618 0.16367288041672762 0
1573623461125 0.16386736482075442 0
1573623461581 0.16406856703647424 0
1573623461948 0.1642765924429322 0
1573623462362 0.1644914159913793 0
1573623462800 0.1647130119200673 0
1573623463267 0.1631363201617917 0
1573623463635 0.16328007909253472 0
1573623464060 0.1634406243584706 0
1573623464526 0.16364111584568208 0
1573623464884 0.16387523819246477 0
1573623465358 0.164119201366437 0
1573623465696 0.16437309178240359 0
1573623466069 0.16463686498505695 0
1573623466395 0.16491047502167316 0
1573623466918 0.16519387448149198 0
1573623467478 0.16316594564175824 0
1573623467976 0.16334571118145447 0
1573623468319 0.16355625995091755 0
1573623468676 0.1638354692469299 0
1573623469032 0.1641290789814297 0
1573623469365 0.1644371422795408 0
1573623469725 0.16475958065089408 0
1573623470035 0.16509631245021883 0
1573623470455 0.16544744181823345 0
1573623470946 0.16581250781758602 0
1573623471384 0.16320268598794466 0
1573623471850 0.16342878371782726 0
1573623472223 0.16372933632701314 0
1573623472548 0.16407900331073086 0
1573623472907 0.16444960552616142 0
1573623473278 0.16484113571354383 0
1573623473638 0.1652534496493667 0
1573623473933 0.1656865884004216 0
1573623474280 0.16614001717315224 0
1573623474662 0.16661375870582434 0
1573623475092 0.16324837547782622 0
1573623475476 0.1635361819965871 0
1573623475892 0.16394585926497812 0
1573623476218 0.16438615490513855 0
1573623476582 0.16485695863562586 0
1573623476889 0.16535820550816974 0
1573623477247 0.1658892603156689 0
1573623477601 0.1664500253911739 0
1573623477912 0.1670090218574248 0
1573623478260 0.1675333459238895 0
1573623478650 0.16330567169890992 0
1573623479025 0.163704228475328 0
1573623479376 0.16421790904992906 0
1573623479694 0.16477601426910565 0
1573623480065 0.16537842488657561 0
1573623480405 0.1660243066896162 0
1573623480825 0.16671385584227075 0
1573623481157 0.16735214533242931 0
1573623481514 0.1680060812587695 0
1573623481846 0.16869276394641672 0
1573623482235 0.16337773967844185 0
1573623482650 0.16391428203067485 0
1573623483022 0.16456201749590657 0
1573623483327 0.16527423225367865 0
1573623483675 0.16605031699772224 0
1573623483960 0.16688122410662792 0
1573623484290 0.1676437991013529 0
1573623484561 0.16845494845762335 0
1573623484846 0.16926050856144823 0
1573623485223 0.170022906919934 0
1573623485513 0.1634691961686705 0
1573623486000 0.16417794554517148 0
1573623486311 0.1650001394472978 0
1573623486690 0.16591568291934738 0
1573623486977 0.16691010602200107 0
1573623487308 0.16783875138258136 0
1573623487627 0.16883728897034028 0
1573623487985 0.16975890926770443 0
1573623488283 0.17071504845295593 0
1573623488605 0.17172791990813738 0
1573623488985 0.16359699414775178 0
1573623489313 0.16451109266781716 0
1573623489721 0.1655620483371008 0
1573623490322 0.16674775846226533 0
1573623490675 0.16787619874234733 0
1573623490955 0.16907614641256002 0
1573623491338 0.17018463104901124 0
1573623491670 0.1713763121106741 0
1573623491989 0.17264850676812976 0
1573623492349 0.17399460775256348 0
1573623492784 0.16377979734559125 0
1573623493168 0.1649347680283596 0
1573623493473 0.1662874613177233 0
1573623493799 0.16768159548977626 0
1573623494120 0.1691181876560395 0
1573623494466 0.17046988167913182 0
1573623494953 0.1719422333999031 0
1573623495302 0.17352703453828905 0
1573623495615 0.17521734250604584 0
1573623495954 0.17697845398183445 0
1573623496256 0.16400863091741397 0
1573623496722 0.16547747890478415 0
1573623497083 0.16717294527427698 0
1573623497438 0.1688857926977895 0
1573623497808 0.17052502936087213 0
1573623498229 0.1723211606443778 0
1573623498569 0.17427779369945415 0
1573623498939 0.17638608157235336 0
1573623499246 0.17829402533997393 0
1573623499633 0.18022664481704936 0
1573623499992 0.1642963521233424 0
1573623500437 0.16617718117642422 0
1573623500966 0.16821854207456816 0
1573623501358 0.1702407338104453 0
1573623501705 0.17239372692109467 0
1573623502023 0.17478028804152304 0
1573623502319 0.17728310092317912 0
1573623502633 0.1795532749245535 0
1573623502936 0.1819871018792921 0
1573623503282 0.1845783313675038 0
1573623503675 0.1646605293193421 0
1573623504137 0.16705148158493166 0
1573623504482 0.1695001361180481 0
1573623504847 0.172014538074685 0
1573623505179 0.17487557814249585 0
1573623505484 0.17782365054376353 0
1573623505835 0.18063137965915488 0
1573623506200 0.18367316231148564 0
1573623506525 0.18693796300983676 0
1573623506918 0.1904146924056354 0
1573623507730 0.1651244995818062 0
1573623508134 0.1680584528854148 0
1573623508480 0.17102896026819545 0
1573623508830 0.17437044968021237 0
1573623509194 0.1779262284407563 0
1573623509513 0.18135303143191356 0
1573623509831 0.18511645868854504 0
1573623510147 0.18919709816319372 0
1573623510485 0.19357612207712374 0
1573623511032 0.19726652860766664 0
1573623511399 0.16571987903216717 0
1573623511713 0.16932542347463098 0
1573623512016 0.17306013874963522 0
1573623512330 0.17738311409643012 0
1573623512654 0.18148781844714562 0
1573623512980 0.1860811304023653 0
1573623513283 0.19112899479377254 0
1573623513656 0.196380543556818 0
1573623513982 0.19960848817700996 0
1573623514436 0.20300710477100495 0
1573623514816 0.16648882518821756 0
1573623515245 0.17079460016036857 0
1573623515587 0.17575642453985377 0
1573623515938 0.18075778235419984 0
1573623516257 0.18625787468372113 0
1573623516634 0.1924172288494379 0
1573623516930 0.1978043559021303 0
1573623517243 0.20184438171217034 0
1573623517594 0.20606313411181917 0
1573623518039 0.2106084209464025 0
1573623518519 0.1673981784948974 0
1573623518860 0.17274481829569177 0
1573623519220 0.17887413255750215 0
1573623519559 0.18527431617948475 0
1573623519969 0.19264778602383442 0
1573623520312 0.19876446285766963 0
1573623520726 0.20370408595903802 0
1573623521152 0.20901221015506 0
1573623521754 0.21477332653468353 0
1573623522109 0.2209550299429876 0
1573623522506 0.16850725451527668 0
1573623522854 0.1753314308070408 0
1573623523250 0.1827453109516735 0
1573623523955 0.19132235787646285 0
1573623524323 0.19894564324458322 0
1573623524723 0.20495348456630416 0
1573623525273 0.21154727476164514 0
1573623525680 0.21877728234021204 0
1573623526141 0.22497763261486065 0
1573623526550 0.22542496292628783 0
1573623526964 0.16983302118995885 0
1573623527251 0.17841675696896098 0
1573623527709 0.18792515471215612 0
1573623528153 0.1979772305382387 0
1573623528478 0.20518425693515083 0
1573623528930 0.2132432684618466 0
1573623529266 0.22220719383805865 0
1573623529603 0.22526156881014542 0
1573623529906 0.2258711898767195 0
1573623530432 0.2265918641147868 0
1573623530785 0.1714580443090058 0
1573623531217 0.18212058737791134 0
1573623531619 0.19485190747145353 0
1573623531933 0.2039141515242518 0
