1573608922810 0.08609880592038338 0
1573608923594 0.0860988260446953 0
1573608924194 0.08609884616943977 0
1573608924791 0.08609886629461748 0
1573608925335 0.08609888642022735 0
1573608926246 0.08609890654627028 0
1573608926886 0.08609892667274563 0
1573608927711 0.0860989467996539 0
1573608928321 0.08609896692699491 0
1573608928885 0.08609898705476843 0
1573608929728 0.0860988209715969 0
1573608930331 0.08609884757421706 0
1573608931077 0.08609887417759293 0
1573608931659 0.08609890078172495 0
1573608932403 0.08609892738661355 0
1573608933044 0.0860989539922581 0
1573608933790 0.0860989805986583 0
1573608934362 0.08609900720581498 0
1573608935041 0.08609903381372823 0
1573608935720 0.08609906042239736 0
1573608936280 0.0860988408670683 0
1573608937052 0.08609887603322947 0
1573608938098 0.08609891120071149 0
1573608938735 0.08609894636951525 0
1573608939521 0.0860989815396396 0
1573608940094 0.08609901671108602 0
1573608940693 0.08609905188385326 0
1573608941385 0.08609908781889576 0
1573608941994 0.08609912308943649 0
1573608942735 0.08609915836130107 0
1573608943472 0.0860988671653553 0
1573608944208 0.0860989136513135 0
1573608944853 0.08609896013958014 0
1573608945572 0.0860990066301555 0
1573608946248 0.08609905312304 0
1573608946926 0.08609910037265255 0
1573608947770 0.0860991469959071 0
1573608948470 0.0860991936214748 0
1573608949194 0.08609924024935675 0
1573608950105 0.08609928687955225 0
1573608950775 0.08609890192602884 0
1573608951644 0.0860989633748685 0
1573608952485 0.08609902482774212 0
1573608953141 0.0860990869494711 0
1573608953728 0.08609914857663761 0
1573608954330 0.086099210207847 0
1573608954901 0.08609927184309908 0
1573608955514 0.08609933348239455 0
1573608956183 0.08609939512573339 0
1573608957044 0.08609945677311624 0
1573608957800 0.08609894787040447 0
1573608958657 0.08609902909715443 0
1573608959354 0.08609911099004502 0
1573608960254 0.08609919245061766 0
1573608960940 0.08609927391825287 0
1573608961519 0.08609935539295273 0
1573608962088 0.08609943687471755 0
1573608962715 0.08609951836354794 0
1573608963509 0.08609959985944499 0
1573608964266 0.08609968136240898 0
1573608964986 0.08609900859360411 0
1573608965808 0.08609911654264273 0
1573608966427 0.08609922421363644 0
1573608967135 0.08609933189697137 0
1573608967888 0.08609943959264905 0
1573608968556 0.08609954730067132 0
1573608969194 0.08609965502103951 0
1573608969760 0.08609976275375554 0
1573608970376 0.08609987311310426 0
1573608970978 0.08609998116111214 0
1573608971639 0.08609908922798305 0
1573608972296 0.08609923153108964 0
1573608973037 0.08609937385575586 0
1573608973681 0.08609951620198526 0
1573608974414 0.08609965856978166 0
1573608975142 0.0860998009591491 0
1573608975733 0.08609994605771919 0
1573608976308 0.08610008887434853 0
1573608977032 0.08610023171259998 0
1573608977767 0.086100374572479 0
1573608978469 0.08609919539964946 0
1573608979082 0.08609938348925161 0
1573608979655 0.08609957161652022 0
1573608980254 0.08609975978146374 0
1573608980869 0.08609995052138623 0
1573608981485 0.08610013926937689 0
1573608982072 0.08610032805513988 0
1573608982672 0.08610051687886114 0
1573608983298 0.08610071030943572 0
1573608983833 0.08610089971673723 0
1573608984460 0.08609933568533033 0
1573608985286 0.08609958428201452 0
1573608986072 0.08609983495639803 0
1573608986775 0.08610008435558346 0
1573608987636 0.08610033382073433 0
1573608988327 0.08610058737721404 0
1573608989172 0.0861008376463054 0
1573608989744 0.08610108798101102 0
1573608990334 0.08610134442089491 0
1573608990941 0.08610159555958279 0
1573608991725 0.08609952101771133 0
1573608992572 0.08609985133880466 0
1573608993273 0.08610018088891228 0
1573608993898 0.0861005105543004 0
1573608994567 0.08610084476869509 0
1573608995341 0.0861011755519795 0
1573608996149 0.08610151265829134 0
1573608997036 0.08610184456038893 0
1573608997693 0.08610218456132425 0
1573608998299 0.08610252769732635 0
1573608999210 0.08609976698288103 0
1573608999968 0.0861002023336671 0
1573609000975 0.08610064140031833 0
1573609001654 0.0861010783261314 0
1573609002362 0.08610152131218424 0
1573609003481 0.08610195981416628 0
1573609004388 0.08610240672338679 0
1573609005132 0.08610287656681649 0
1573609005817 0.08610333152295052 0
1573609006634 0.08610379803516946 0
1573609007537 0.08610009060593667 0
1573609008413 0.08610066896045324 0
1573609009340 0.08610124977313861 0
1573609010073 0.08610182982331814 0
1573609010706 0.08610241697942964 0
1573609011321 0.08610303051102564 0
1573609012125 0.08610364156159317 0
1573609012747 0.08610424376604059 0
1573609013365 0.08610486117161759 0
1573609014172 0.08610547617273441 0
1573609014818 0.0861005198377929 0
1573609015528 0.08610128599594374 0
1573609016550 0.08610205686069734 0
1573609017181 0.08610284667627882 0
1573609018060 0.08610364955937627 0
1573609018973 0.08610445675588521 0
1573609019896 0.08610526645877795 0
1573609020745 0.08610607708783524 0
1573609021650 0.08610689316671095 0
1573609022250 0.08610770822740112 0
1573609023090 0.08610108412490086 0
1573609023743 0.08610210157601957 0
1573609024621 0.08610314200751856 0
1573609025560 0.0861041978179808 0
1573609026398 0.08610527224859271 0
1573609027088 0.08610633689921433 0
1573609027815 0.08610740938143538 0
1573609028445 0.08610851019293098 0
1573609029120 0.08610960006283586 0
1573609029714 0.08611069647829736 0
1573609030353 0.08610183174873628 0
1573609030952 0.08610319472801202 0
1573609031584 0.086104593627132 0
1573609032354 0.08610600350246535 0
1573609033262 0.08610741005446541 0
1573609033927 0.08610884867165777 0
1573609034679 0.08611030490937877 0
1573609035381 0.08611175036685834 0
1573609036137 0.08611323762174501 0
1573609036714 0.0861147419930977 0
1573609037295 0.08610282260359729 0
1573609037945 0.08610465501577799 0
1573609038742 0.08610650355660975 0
1573609039450 0.08610839312167096 0
1573609040266 0.08611029298278527 0
1573609041050 0.08611221773126232 0
1573609041651 0.08611416580556948 0
1573609042420 0.08611613902038995 0
1573609043149 0.08611817779927476 0
1573609043934 0.0861202035537504 0
1573609044576 0.08610415216444421 0
1573609045191 0.08610658630539672 0
1573609046153 0.08610906362125641 0
1573609047105 0.08611158862431166 0
1573609047902 0.08611412923848163 0
1573609048533 0.0861167415768634 0
1573609049407 0.08611939990974303 0
1573609050152 0.08612210466641368 0
1573609050811 0.08612485396310551 0
1573609051459 0.08612758770834684 0
1573609052196 0.08610589604699546 0
1573609053057 0.08610913561391854 0
1573609053861 0.08611245978831747 0
1573609054512 0.08611586626311146 0
1573609055183 0.08611931361265025 0
1573609055813 0.08612287405054837 0
1573609056627 0.08612651457596232 0
1573609057384 0.08613016990554218 0
1573609058293 0.08613396360845245 0
1573609058903 0.08613775443816406 0
1573609059514 0.086108192640235 0
1573609060507 0.0861125229139993 0
1573609061458 0.08611699127127213 0
1573609062133 0.08612159574751332 0
1573609062818 0.08612633254045213 0
1573609063492 0.08613116194254321 0
1573609064572 0.08613613471484176 0
1573609065643 0.08614121367273576 0
1573609066373 0.08614642409191604 0
1573609067089 0.08615170105281061 0
1573609068115 0.08611122436877111 0
