1573608922778 0.8783901769185187 0
1573608923534 0.8783900433417665 0
1573608924163 0.8783899097467538 0
1573608924744 0.8783897761334789 0
1573608925318 0.8783896425019422 0
1573608926211 0.8783895088521425 0
1573608926839 0.8783893751840772 0
1573608927679 0.8783892414977469 0
1573608928284 0.8783891077931489 0
1573608928854 0.8783889740702848 0
1573608929697 0.8783900627050938 0
1573608930299 0.8783898861075872 0
1573608931038 0.8783897094781714 0
1573608931626 0.8783895328168428 0
1573608932366 0.8783893561235983 0
1573608932971 0.8783891793984364 0
1573608933759 0.8783890026413561 0
1573608934331 0.8783888258523525 0
1573608935025 0.8783886490314228 0
1573608935688 0.8783884721785665 0
1573608936249 0.878389911714177 0
1573608936946 0.8783896782331362 0
1573608938040 0.8783894446963335 0
1573608938704 0.8783892111037608 0
1573608939341 0.8783889774554147 0
1573608940062 0.878388743751288 0
1573608940662 0.878388509991376 0
1573608941354 0.8783882723974511 0
1573608941963 0.8783880380537938 0
1573608942701 0.8783878036543601 0
1573608943429 0.8783897120999906 0
1573608944161 0.8783894034001998 0
1573608944822 0.8783890946029632 0
1573608945538 0.8783887857082682 0
1573608946217 0.8783884767161008 0
1573608946893 0.8783881638807597 0
1573608947714 0.8783878540694909 0
1573608948418 0.878387544160759 0
1573608949178 0.8783872341545473 0
1573608949948 0.8783869240508451 0
1573608950739 0.8783894481989369 0
1573608951501 0.8783890400258358 0
1573608952447 0.8783886316824506 0
1573608953094 0.8783882198679038 0
1573608953694 0.8783878103588526 0
1573608954294 0.878387400679506 0
1573608954870 0.8783869908298337 0
1573608955483 0.8783865808098056 0
1573608956151 0.8783861706193903 0
1573608956991 0.8783857602585566 0
1573608957760 0.8783890992973813 0
1573608958613 0.8783885595590813 0
1573608959284 0.878388016250955 0
1573608960217 0.8783874748269822 0
1573608960903 0.8783869331054459 0
1573608961480 0.8783863910862711 0
1573608962057 0.8783858487693866 0
1573608962679 0.8783853061547231 0
1573608963437 0.8783847632422064 0
1573608964222 0.8783842200317674 0
1573608964951 0.878388638000422 0
1573608965776 0.8783879213396227 0
1573608966395 0.8783872056009311 0
1573608967104 0.8783864893423401 0
1573608967847 0.8783857725636841 0
1573608968524 0.8783850552647992 0
1573608969156 0.8783843374455205 0
1573608969728 0.8783836191056821 0
1573608970329 0.8783828872776133 0
1573608970947 0.8783821664565891 0
1573608971599 0.8783880261658885 0
1573608972252 0.8783870802085917 0
1573608972990 0.8783861333430908 0
1573608973646 0.8783851855690081 0
1573608974383 0.8783842368859611 0
1573608975095 0.8783832872935703 0
1573608975690 0.8783823234616492 0
1573608976275 0.8783813701469294 0
1573608976996 0.8783804159221653 0
1573608977736 0.8783794607869723 0
1573608978435 0.8783872190510501 0
1573608979035 0.8783859677130678 0
1573608979632 0.8783847147880889 0
1573608980223 0.8783834602752354 0
1573608980837 0.8783821915899487 0
1573608981454 0.8783809313842784 0
1573608982041 0.8783796695888646 0
1573608982636 0.8783784062015919 0
1573608983251 0.8783771185813163 0
1573608983801 0.8783758494985235 0
1573608984429 0.8783861517238376 0
1573608985192 0.8783844960653983 0
1573608986007 0.8783828276550371 0
1573608986728 0.8783811631248488 0
1573608987572 0.8783794958188844 0
1573608988276 0.8783778057863406 0
1573608989137 0.8783761295982554 0
1573608989713 0.8783744506333926 0
1573608990303 0.8783727389854483 0
1573608990910 0.87837105113784 0
1573608991672 0.8783847401375497 0
1573608992534 0.8783825401098264 0
1573608993226 0.8783803396355796 0
1573608993851 0.8783781343130472 0
1573608994520 0.878375902172454 0
1573608995189 0.8783736827546198 0
1573608996080 0.8783714277507373 0
1573608996885 0.8783691942291241 0
1573608997657 0.8783669163561952 0
1573608998267 0.8783646057518263 0
1573608999141 0.8783828671778817 0
1573608999889 0.878379960231823 0
1573609000931 0.8783770274086896 0
1573609001610 0.8783740977286073 0
1573609002330 0.8783711305729589 0
1573609003408 0.8783681781375033 0
1573609004348 0.8783651766362892 0
1573609005101 0.8783620280986867 0
1573609005762 0.8783589545079922 0
1573609006593 0.8783558169210202 0
1573609007491 0.8783803951082114 0
1573609008364 0.878376529197455 0
1573609009295 0.878372638092977 0
1573609010026 0.8783687377251892 0
1573609010659 0.8783647891589385 0
1573609011290 0.8783606676759519 0
1573609012060 0.8783565531323958 0
1573609012700 0.8783524687770624 0
1573609013323 0.878348293989299 0
1573609014135 0.8783441261888345 0
1573609014784 0.8783771136882447 0
1573609015481 0.8783719795700095 0
1573609016503 0.8783667994356863 0
1573609017150 0.8783614845391642 0
1573609018022 0.8783560715717991 0
1573609018918 0.878350614487394 0
1573609019863 0.8783451241492318 0
1573609020713 0.8783396116380802 0
1573609021612 0.8783340482020879 0
1573609022203 0.878328465832149 0
1573609023043 0.8783727801720751 0
1573609023712 0.878365942996898 0
1573609024582 0.8783589277964671 0
1573609025509 0.8783517854293841 0
1573609026356 0.8783445114883872 0
1573609027041 0.8783372532965986 0
1573609027784 0.8783299143836016 0
1573609028414 0.8783223956590164 0
1573609029073 0.8783148881773463 0
1573609029679 0.8783073079595614 0
1573609030319 0.8783670238851535 0
1573609030914 0.8783578290447712 0
1573609031526 0.8783483616850564 0
1573609032286 0.8783387760558996 0
1573609033180 0.8783291391188921 0
1573609033858 0.8783192720624224 0
1573609034645 0.8783092461968702 0
1573609035345 0.8782992001299621 0
1573609036090 0.8782888782119757 0
1573609036683 0.878278400654589 0
1573609037264 0.8783593684610252 0
1573609037913 0.878346949135969 0
1573609038676 0.8783343352735402 0
1573609039407 0.8783213978900519 0
1573609040229 0.8783082843952815 0
1573609041019 0.8782949222985192 0
1573609041621 0.8782813215044624 0
1573609042370 0.8782674698142745 0
1573609043108 0.878253174196553 0
1573609043893 0.8782388140192366 0
1573609044529 0.8783490644628924 0
1573609045160 0.8783324562144805 0
1573609046089 0.8783154234764222 0
1573609046928 0.8782979377358686 0
1573609047871 0.8782801563727567 0
1573609048502 0.878261804868271 0
1573609049333 0.8782430101748187 0
1573609050098 0.8782237694051876 0
1573609050768 0.8782040945654239 0
1573609051412 0.8781842706652285 0
1573609052122 0.8783354211937109 0
1573609053010 0.8783131172431389 0
1573609053829 0.8782900170817576 0
1573609054463 0.8782661343030287 0
1573609055145 0.8782416699105267 0
1573609055772 0.8782162754752556 0
1573609056569 0.8781901114932504 0
1573609057352 0.8781634897269256 0
1573609058261 0.8781358167395285 0
1573609058872 0.8781077684246925 0
1573609059482 0.8783172707965194 0
1573609060398 0.8782871191333448 0
1573609061411 0.8782556329435938 0
1573609062101 0.8782228234209389 0
1573609062774 0.8781887139055061 0
1573609063438 0.8781534882788656 0
1573609064517 0.8781169041884047 0
1573609065602 0.8780791402160792 0
1573609066336 0.8780400714432784 0
1573609067035 0.8779999975510242 0
1573609068019 0.8782930140128465 0
