1573608922753 0.13360287157801506 0
1573608923482 0.133602944952979 0
1573608924147 0.1336030183379333 0
1573608924729 0.1336030917328789 0
1573608925292 0.1336031651378155 0
1573608926183 0.13360323855274386 0
1573608926808 0.1336033119776652 0
1573608927654 0.1336033854125794 0
1573608928258 0.13360345885748776 0
1573608928822 0.13360353231238942 0
1573608929668 0.13360293431652404 0
1573608930284 0.13360303132313817 0
1573608931010 0.13360312834720975 0
1573608931596 0.1336032253887409 0
1573608932342 0.1336033224477332 0
1573608932919 0.13360341952418742 0
1573608933744 0.13360351661810413 0
1573608934316 0.13360361372948595 0
1573608934994 0.1336037108583344 0
1573608935673 0.13360380800464963 0
1573608936217 0.1336030172572102 0
1573608936869 0.13360314551037156 0
1573608937989 0.13360327379404022 0
1573608938691 0.13360340210822064 0
1573608939310 0.13360353045291448 0
1573608940031 0.1336036588281257 0
1573608940654 0.13360378723385674 0
1573608941323 0.13360391774550773 0
1573608941931 0.13360404647164398 0
1573608942673 0.1336041752282944 0
1573608943393 0.13360312690702222 0
1573608944146 0.13360329647833014 0
1573608944791 0.1336034661029505 0
1573608945501 0.1336036357808901 0
1573608946185 0.13360380551215628 0
1573608946868 0.13360397735428137 0
1573608947698 0.1336041475350495 0
1573608948373 0.13360431776913773 0
1573608949147 0.133604488056555 0
1573608949917 0.13360465839730698 0
1573608950711 0.13360327187003254 0
1573608951471 0.13360349608255037 0
1573608952417 0.1336037203882301 0
1573608953063 0.13360394660026 0
1573608953665 0.1336041715454886 0
1573608954265 0.13360439658388223 0
1573608954838 0.1336046217154571 0
1573608955463 0.1336048469402293 0
1573608956136 0.13360507225821563 0
1573608956954 0.1336052976694327 0
1573608957732 0.13360346352427332 0
1573608958573 0.1336037600060272 0
1573608959247 0.13360405844804546 0
1573608960187 0.13360435585442498 0
1573608960874 0.13360465342359482 0
1573608961452 0.13360495115559498 0
1573608962025 0.13360524905046353 0
1573608962650 0.13360554710823755 0
1573608963393 0.13360584532895645 0
1573608964191 0.1336061437126573 0
1573608964923 0.13360371691773013 0
1573608965745 0.13360411058327223 0
1573608966364 0.13360450374113808 0
1573608967026 0.1336048971834283 0
1573608967816 0.13360529091023135 0
1573608968501 0.13360568492163494 0
1573608969126 0.13360607921772688 0
1573608969697 0.13360647379859583 0
1573608970298 0.1336068757872913 0
1573608970916 0.133607271728702 0
1573608971559 0.13360405300172612 0
1573608972217 0.1336045726194869 0
1573608972975 0.13360509273410368 0
1573608973617 0.13360561334577803 0
1573608974351 0.13360613445471442 0
1573608975079 0.1336066560611153 0
1573608975660 0.13360718548713738 0
1573608976248 0.13360770913407186 0
1573608976967 0.13360823327882992 0
1573608977705 0.13360875792161714 0
1573608978397 0.13360449635294944 0
1573608979020 0.1336051837147116 0
1573608979597 0.13360587194467036 0
1573608980192 0.13360656104329444 0
1573608980806 0.13360725792316178 0
1573608981423 0.1336079501416373 0
1573608982010 0.13360864322974997 0
1573608982609 0.13360933718864826 0
1573608983220 0.13361004445464794 0
1573608983786 0.1336107415346877 0
1573608984398 0.1336050826375516 0
1573608985150 0.13360599208837842 0
1573608985957 0.13360690853755558 0
1573608986697 0.13360782284910952 0
1573608987534 0.13360873867910006 0
1573608988243 0.13360966698610552 0
1573608989110 0.13361058768220746 0
1573608989697 0.13361150989717682 0
1573608990271 0.13361245005762348 0
1573608990879 0.1336133771387318 0
1573608991627 0.1336058580202817 0
1573608992506 0.13360706648401666 0
1573608993195 0.1336082751820909 0
1573608993820 0.1336094865323084 0
1573608994489 0.13361071260209642 0
1573608995158 0.13361193167237478 0
1573608996002 0.13361317027778097 0
1573608996869 0.13361439707230818 0
1573608997606 0.13361564821584498 0
1573608998252 0.13361691732546996 0
1573608999094 0.13360688682793423 0
1573608999828 0.133608483583602 0
1573609000900 0.13361009453394337 0
1573609001587 0.1336117037384678 0
1573609002284 0.133613333507687 0
1573609003361 0.13361495517181626 0
1573609004314 0.13361660376578588 0
1573609005054 0.13361833309858395 0
1573609005710 0.1336200212452395 0
1573609006559 0.1336217445193725 0
1573609007440 0.13360824471167407 0
1573609008330 0.13361036819105174 0
1573609009263 0.13361250547483575 0
1573609009995 0.13361464781240817 0
1573609010642 0.13361681658874636 0
1573609011258 0.133619080303207 0
1573609012014 0.1336213401679489 0
1573609012684 0.13362358341436437 0
1573609013292 0.13362587628997488 0
1573609014102 0.13362816528877955 0
1573609014758 0.1336100471423145 0
1573609015451 0.13361286718121146 0
1573609016472 0.13361571243523895 0
1573609017118 0.13361863164613066 0
1573609017989 0.13362160465695463 0
1573609018856 0.13362460183160424 0
1573609019831 0.13362761720225386 0
1573609020682 0.1336306446821655 0
1573609021576 0.13363370006053965 0
1573609022187 0.1336367657670178 0
1573609023027 0.1336124274350365 0
1573609023687 0.13361618283919488 0
1573609024537 0.133620035916251 0
1573609025470 0.13362395872505234 0
1573609026316 0.13362795367995428 0
1573609027010 0.133631939866118 0
1573609027752 0.13363597026333374 0
1573609028399 0.1336400992837407 0
1573609029042 0.13364422200264947 0
1573609029655 0.13364838453542405 0
1573609030289 0.13361558915479763 0
1573609030882 0.13362063939214475 0
1573609031493 0.1336258391104464 0
1573609032208 0.13363110357924468 0
1573609033118 0.1336363960174791 0
1573609033823 0.1336418146161645 0
1573609034617 0.13364732020151746 0
1573609035316 0.1336528366527273 0
1573609036059 0.13365850434090176 0
1573609036666 0.13366425724372338 0
1573609037233 0.13361979388588102 0
1573609037882 0.13362661490151578 0
1573609038636 0.13363354240573808 0
1573609039339 0.13364064721394872 0
1573609040202 0.13364784835154891 0
1573609040988 0.13365518560722672 0
1573609041577 0.13366265352025491 0
1573609042351 0.13367025876629388 0
1573609043077 0.1336781072962595 0
1573609043855 0.13368599080660482 0
1573609044498 0.13362545313367297 0
1573609045128 0.13363457434991705 0
1573609046026 0.13364392804841735 0
1573609046912 0.1336535298368075 0
1573609047856 0.13366329325042914 0
1573609048487 0.13367336897022858 0
1573609049285 0.1336836872315979 0
1573609050035 0.13369424956326956 0
1573609050714 0.13370504931740562 0
1573609051381 0.13371593001039492 0
1573609052075 0.1336329460350064 0
1573609052979 0.13364519448917525 0
1573609053798 0.13365787900779524 0
1573609054422 0.1336709920035145 0
1573609055112 0.13368442300446648 0
1573609055744 0.13369836317362005 0
1573609056523 0.1337127242621822 0
1573609057321 0.13372733503997647 0
1573609058241 0.1337425210656575 0
1573609058856 0.13375791129933734 0
1573609059451 0.13364291360575656 0
1573609060361 0.13365947021388788 0
1573609061385 0.1336767574363841 0
1573609062070 0.13369476884526738 0
1573609062739 0.13371349133754426 0
1573609063405 0.13373282370485146 0
1573609064485 0.13375289866008194 0
1573609065563 0.13377361789739609 0
1573609066304 0.1337950496379172 0
1573609067001 0.13381702918521587 0
1573609067984 0.13365623343234967 0
