1573622744650 0.08609880592038338 0
1573622745905 0.0860988260446953 0
1573622746995 0.08609884616943977 0
1573622747591 0.08609886629461748 0
1573622748208 0.08609888642022735 0
1573622748858 0.08609890654627028 0
1573622749450 0.08609892667274563 0
1573622750128 0.0860989467996539 0
1573622750784 0.08609896692699491 0
1573622751773 0.08609898705476843 0
1573622752413 0.0860988209715969 0
1573622753016 0.08609884757421706 0
1573622753778 0.08609887417759293 0
1573622754610 0.08609890078172495 0
1573622755655 0.08609892738661355 0
1573622756313 0.0860989539922581 0
1573622756968 0.0860989805986583 0
1573622757667 0.08609900720581498 0
1573622758292 0.08609903381372823 0
1573622758981 0.08609906042239736 0
1573622759745 0.0860988408670683 0
1573622760419 0.08609887603322947 0
1573622761096 0.08609891120071149 0
1573622761690 0.08609894636951525 0
1573622762599 0.0860989815396396 0
1573622763323 0.08609901671108602 0
1573622763964 0.08609905188385326 0
1573622764750 0.08609908781889576 0
1573622765384 0.08609912308943649 0
1573622765980 0.08609915836130107 0
1573622766756 0.0860988671653553 0
1573622767351 0.0860989136513135 0
1573622767994 0.08609896013958014 0
1573622768711 0.0860990066301555 0
1573622769361 0.08609905312304 0
1573622770100 0.08609910037265255 0
1573622771042 0.0860991469959071 0
1573622771750 0.0860991936214748 0
1573622772339 0.08609924024935675 0
1573622773018 0.08609928687955225 0
1573622773598 0.08609890192602884 0
1573622774250 0.0860989633748685 0
1573622774830 0.08609902482774212 0
1573622775405 0.0860990869494711 0
1573622775949 0.08609914857663761 0
1573622776521 0.086099210207847 0
1573622777290 0.08609927184309908 0
1573622777960 0.08609933348239455 0
1573622778517 0.08609939512573339 0
1573622779103 0.08609945677311624 0
1573622780213 0.08609894787040447 0
1573622780985 0.08609902909715443 0
1573622781677 0.08609911099004502 0
1573622782268 0.08609919245061766 0
1573622782862 0.08609927391825287 0
1573622783621 0.08609935539295273 0
1573622785295 0.08609943687471755 0
1573622785959 0.08609951836354794 0
1573622786650 0.08609959985944499 0
1573622787278 0.08609968136240898 0
1573622787844 0.08609900859360411 0
1573622788616 0.08609911654264273 0
1573622789441 0.08609922421363644 0
1573622790003 0.08609933189697137 0
1573622790533 0.08609943959264905 0
1573622791441 0.08609954730067132 0
1573622792060 0.08609965502103951 0
1573622792704 0.08609976275375554 0
1573622793370 0.08609987311310426 0
1573622794054 0.08609998116111214 0
1573622794783 0.08609908922798305 0
1573622795370 0.08609923153108964 0
1573622796190 0.08609937385575586 0
1573622797004 0.08609951620198526 0
1573622797693 0.08609965856978166 0
1573622798359 0.0860998009591491 0
1573622799037 0.08609994605771919 0
1573622799719 0.08610008887434853 0
