1573622744496 0.8783901769185187 0
1573622745874 0.8783900433417665 0
1573622746959 0.8783899097467538 0
1573622747547 0.8783897761334789 0
1573622748177 0.8783896425019422 0
1573622748827 0.8783895088521425 0
1573622749419 0.8783893751840772 0
1573622750098 0.8783892414977469 0
1573622750737 0.8783891077931489 0
1573622751742 0.8783889740702848 0
1573622752382 0.8783900627050938 0
1573622752983 0.8783898861075872 0
1573622753726 0.8783897094781714 0
1573622754578 0.8783895328168428 0
1573622755621 0.8783893561235983 0
1573622756261 0.8783891793984364 0
1573622756927 0.8783890026413561 0
1573622757620 0.8783888258523525 0
1573622758275 0.8783886490314228 0
1573622758931 0.8783884721785665 0
1573622759645 0.878389911714177 0
1573622760372 0.8783896782331362 0
1573622761065 0.8783894446963335 0
1573622761660 0.8783892111037608 0
1573622762387 0.8783889774554147 0
1573622763182 0.878388743751288 0
1573622763923 0.878388509991376 0
1573622764711 0.8783882723974511 0
1573622765321 0.8783880380537938 0
1573622765942 0.8783878036543601 0
1573622766722 0.8783897120999906 0
1573622767307 0.8783894034001998 0
1573622767957 0.8783890946029632 0
1573622768674 0.8783887857082682 0
1573622769329 0.8783884767161008 0
1573622770064 0.8783881638807597 0
1573622770728 0.8783878540694909 0
1573622771719 0.878387544160759 0
1573622772308 0.8783872341545473 0
1573622772987 0.8783869240508451 0
1573622773559 0.8783894481989369 0
1573622774203 0.8783890400258358 0
1573622774799 0.8783886316824506 0
1573622775374 0.8783882198679038 0
1573622775918 0.8783878103588526 0
1573622776490 0.878387400679506 0
1573622777258 0.8783869908298337 0
1573622777897 0.8783865808098056 0
1573622778470 0.8783861706193903 0
1573622779072 0.8783857602585566 0
1573622780181 0.8783890992973813 0
1573622780954 0.8783885595590813 0
1573622781643 0.878388016250955 0
1573622782227 0.8783874748269822 0
1573622782816 0.8783869331054459 0
1573622783579 0.8783863910862711 0
1573622785247 0.8783858487693866 0
1573622785902 0.8783853061547231 0
1573622786607 0.8783847632422064 0
1573622787245 0.8783842200317674 0
1573622787800 0.878388638000422 0
1573622788564 0.8783879213396227 0
1573622789379 0.8783872056009311 0
1573622789956 0.8783864893423401 0
1573622790502 0.8783857725636841 0
1573622791410 0.8783850552647992 0
1573622792008 0.8783843374455205 0
1573622792673 0.8783836191056821 0
1573622793327 0.8783828872776133 0
1573622793991 0.8783821664565891 0
1573622794742 0.8783880261658885 0
1573622795328 0.8783870802085917 0
1573622796159 0.8783861333430908 0
1573622796929 0.8783851855690081 0
1573622797659 0.8783842368859611 0
1573622798322 0.8783832872935703 0
1573622798998 0.8783823234616492 0
1573622799688 0.8783813701469294 0
