1573622744464 0.13360287157801506 0
1573622745843 0.133602944952979 0
1573622746932 0.1336030183379333 0
1573622747516 0.1336030917328789 0
1573622748145 0.1336031651378155 0
1573622748795 0.13360323855274386 0
1573622749403 0.1336033119776652 0
1573622750064 0.1336033854125794 0
1573622750690 0.13360345885748776 0
1573622751726 0.13360353231238942 0
1573622752351 0.13360293431652404 0
1573622752957 0.13360303132313817 0
1573622753685 0.13360312834720975 0
1573622754546 0.1336032253887409 0
1573622755591 0.1336033224477332 0
1573622756216 0.13360341952418742 0
1573622756893 0.13360351661810413 0
1573622757574 0.13360361372948595 0
1573622758250 0.1336037108583344 0
1573622758900 0.13360380800464963 0
1573622759537 0.1336030172572102 0
1573622760336 0.13360314551037156 0
1573622761034 0.13360327379404022 0
1573622761635 0.13360340210822064 0
1573622762356 0.13360353045291448 0
1573622763120 0.1336036588281257 0
1573622763895 0.13360378723385674 0
1573622764675 0.13360391774550773 0
1573622765302 0.13360404647164398 0
1573622765909 0.1336041752282944 0
1573622766694 0.13360312690702222 0
1573622767270 0.13360329647833014 0
1573622767919 0.1336034661029505 0
1573622768638 0.1336036357808901 0
1573622769299 0.13360380551215628 0
1573622770029 0.13360397735428137 0
1573622770692 0.1336041475350495 0
1573622771694 0.13360431776913773 0
1573622772276 0.133604488056555 0
1573622772971 0.13360465839730698 0
1573622773528 0.13360327187003254 0
1573622774172 0.13360349608255037 0
1573622774784 0.1336037203882301 0
1573622775343 0.13360394660026 0
1573622775903 0.1336041715454886 0
1573622776458 0.13360439658388223 0
1573622777234 0.1336046217154571 0
1573622777835 0.1336048469402293 0
1573622778454 0.13360507225821563 0
1573622779041 0.1336052976694327 0
1573622780153 0.13360346352427332 0
1573622780923 0.1336037600060272 0
1573622781615 0.13360405844804546 0
1573622782199 0.13360435585442498 0
1573622782800 0.13360465342359482 0
1573622783544 0.13360495115559498 0
1573622785231 0.13360524905046353 0
1573622785859 0.13360554710823755 0
1573622786564 0.13360584532895645 0
1573622787214 0.1336061437126573 0
1573622787769 0.13360371691773013 0
1573622788549 0.13360411058327223 0
1573622789363 0.13360450374113808 0
1573622789925 0.1336048971834283 0
1573622790486 0.13360529091023135 0
1573622791379 0.13360568492163494 0
1573622791974 0.13360607921772688 0
1573622792645 0.13360647379859583 0
1573622793300 0.1336068757872913 0
1573622793933 0.133607271728702 0
1573622794693 0.13360405300172612 0
1573622795301 0.1336045726194869 0
1573622796144 0.13360509273410368 0
1573622796886 0.13360561334577803 0
1573622797631 0.13360613445471442 0
1573622798291 0.1336066560611153 0
1573622798959 0.13360718548713738 0
1573622799665 0.13360770913407186 0
