1573623555528 0.07755119599656511 0
1573623556355 0.07722963463149803 0
1573623557033 0.07717367585857898 0
1573623557412 0.07722193809212795 0
1573623557722 0.07751875831197653 0
1573623558038 0.07778245502137096 0
1573623558322 0.07820694219890079 0
1573623558636 0.07869303015485163 0
1573623558971 0.07929242725678946 0
1573623559344 0.07998298456152486 0
1573623559909 0.07743691006802303 0
1573623560459 0.07725896486299598 0
1573623560876 0.07724324289995496 0
1573623561334 0.07746880471451124 0
1573623561690 0.07784116086509238 0
1573623561973 0.078426466950095 0
1573623562283 0.07903483637710493 0
1573623562705 0.07985002103375136 0
1573623563033 0.08075853870610397 0
1573623563389 0.08173907778011795 0
1573623563901 0.07734649645095662 0
1573623564327 0.07720764628789654 0
1573623564742 0.0772880378117898 0
1573623565163 0.07782538155589172 0
1573623565710 0.07856219553391275 0
1573623565991 0.0793608985912978 0
1573623566276 0.08039040289047554 0
1573623566639 0.08154758867532763 0
1573623566979 0.0828633181664735 0
1573623567391 0.08430238410058762 0
1573623567875 0.07728749586820949 0
1573623568358 0.07721852752825052 0
1573623568798 0.07769023400979592 0
1573623569100 0.07858393859983771 0
1573623569462 0.07954897854569187 0
1573623569846 0.08083298909297454 0
1573623570217 0.08232207638561823 0
1573623570675 0.08396996888640848 0
1573623571064 0.08581545010740535 0
1573623571477 0.08736345980223555 0
1573623571868 0.07730583019725935 0
1573623572198 0.07730617942494471 0
1573623572527 0.07838059774320873 0
1573623572898 0.07953013855947992 0
1573623573199 0.08110220197255474 0
1573623573597 0.08294849138986457 0
1573623573923 0.08495409845541467 0
1573623574260 0.08699709065393607 0
1573623574687 0.08882566389998121 0
1573623575053 0.09070163212732608 0
1573623575511 0.07730364007128275 0
1573623575794 0.07787645961527641 0
1573623576300 0.07926111999096917 0
1573623576630 0.08107263018222126 0
1573623577000 0.08327050121369324 0
1573623577415 0.08568993657646132 0
1573623577796 0.08796204859034264 0
1573623578221 0.09020868212370982 0
1573623578801 0.09230741626108395 0
1573623579118 0.09423762540218267 0
1573623579473 0.07732677157691693 0
1573623579784 0.07872644320292006 0
1573623580244 0.0806428687993724 0
1573623580672 0.08315942526370582 0
1573623581089 0.08601196936112637 0
1573623581502 0.08866780364302206 0
1573623581816 0.09132561240516478 0
1573623582223 0.09374527478225694 0
1573623582542 0.09591218968037445 0
1573623582879 0.09825868850705113 0
1573623583245 0.07755512693303449 0
1573623583616 0.07975468780954428 0
1573623583986 0.08247550223282743 0
1573623584426 0.08576814686749896 0
1573623584762 0.08897641130102442 0
1573623585205 0.09209505021651482 0
1573623585567 0.09482079725907971 0
1573623585957 0.09754805062758048 0
1573623586283 0.1001790325335912 0
1573623586604 0.10220343622152588 0
1573623587233 0.07823800401065384 0
1573623587637 0.08123091185331029 0
1573623587926 0.08488965104042778 0
1573623588288 0.0887155358442168 0
1573623588722 0.09239250403212104 0
1573623589064 0.0955734921425957 0
1573623589372 0.09889283089009862 0
1573623589782 0.10169621729175171 0
1573623590141 0.1034281738210045 0
1573623590494 0.1045064954089629 0
1573623590930 0.07937389806829127 0
1573623591420 0.08309658522649709 0
1573623591875 0.08763655943121208 0
1573623592218 0.09202446443243646 0
1573623592649 0.09584466155003155 0
1573623593001 0.09970505073481034 0
1573623593302 0.10259697376981466 0
1573623593684 0.10417975179731731 0
1573623594021 0.10533970402838133 0
1573623594303 0.10617927775829364 0
1573623594652 0.08056467999695478 0
1573623594968 0.08541890455411259 0
1573623595391 0.0906750208461073 0
1573623595796 0.09541297578237334 0
1573623596157 0.09993527153147107 0
1573623596483 0.10317438563666842 0
1573623596937 0.1047661292042912 0
1573623597205 0.10591257680604206 0
1573623597564 0.10672003604660146 0
1573623597867 0.10745511778374908 0
1573623598230 0.08204660742828877 0
1573623598534 0.08806893571562818 0
1573623598862 0.0940150187545794 0
1573623599165 0.09932083683441685 0
1573623599586 0.10330172088809376 0
1573623599862 0.10514215429933828 0
1573623600245 0.10637140221027644 0
1573623600802 0.10723698857588848 0
1573623601106 0.10820012279917367 0
1573623601383 0.10920847023746177 0
1573623601718 0.08387730908366765 0
1573623602069 0.09099868418927393 0
1573623602528 0.09743146397491366 0
1573623602960 0.10287297390693312 0
1573623603439 0.10524809535054697 0
1573623603916 0.1066222130081945 0
1573623604366 0.10768002082927866 0
1573623604695 0.10889385377135358 0
1573623605081 0.11012045136430389 0
1573623605473 0.11087500623706584 0
1573623605835 0.0858819644710464 0
1573623606176 0.09419027423034888 0
1573623606526 0.10138402061738744 0
1573623607064 0.10494370756952641 0
1573623607438 0.10671173720737863 0
1573623607810 0.10801534091002536 0
1573623608128 0.10947215399163164 0
1573623608745 0.11064526342838178 0
1573623609087 0.11154786830061995 0
1573623609441 0.11256648870319631 0
1573623609827 0.0883461386953876 0
1573623610337 0.09740760986199627 0
1573623610916 0.10406582637475327 0
1573623611302 0.10657404058630497 0
1573623611674 0.10812540330760448 0
1573623612031 0.10985554901628802 0
1573623612388 0.11106660548036247 0
1573623612737 0.11222473308014698 0
1573623613244 0.11330139792742235 0
1573623613661 0.11413631596628802 0
1573623614219 0.09087959742977587 0
1573623614721 0.10112551025564687 0
1573623615096 0.10591108377266602 0
1573623615408 0.10789486894563652 0
1573623615773 0.10995429591131507 0
1573623616066 0.11135966883906122 0
1573623616405 0.1128044756291138 0
1573623616752 0.113846003936988 0
1573623617038 0.11490840101729777 0
1573623617423 0.11543216508849506 0
1573623617716 0.09369692801819327 0
1573623618072 0.10398231046083609 0
1573623618466 0.10728221811439377 0
1573623618768 0.10965885716756814 0
1573623619058 0.1114388759140983 0
1573623619561 0.11314543558585799 0
1573623619937 0.11433052607071408 0
1573623620237 0.11540843844683028 0
1573623620609 0.11543108864812714 0
1573623621280 0.11542955218934564 0
1573623621785 0.09665039200819624 0
1573623622089 0.10582623567204738 0
1573623622442 0.10882598939942216 0
1573623622729 0.11120756406609175 0
1573623623054 0.113206197052872 0
1573623623403 0.11464896070769967 0
1573623623777 0.11543202529534685 0
1573623624111 0.11543016140626297 0
1573623624559 0.11542825940167177 0
1573623625051 0.11542718264446687 0
1573623625378 0.09971371375463518 0
1573623625943 0.10730858616449022 0
1573623626294 0.11058206349417359 0
1573623626861 0.11293109887979372 0
1573623627252 0.11471060349919901 0
1573623627697 0.11543164181947646 0
1573623628248 0.11542938516775092 0
1573623628648 0.11542750620373944 0
1573623629070 0.11542650977964705 0
1573623629482 0.11542545658320844 0
1573623629886 0.10292840407147938 0
1573623630349 0.10879849814110064 0
1573623630922 0.11203569717493772 0
1573623631284 0.11441345530131469 0
1573623631916 0.11543165555086976 0
1573623632295 0.1154289248618111 0
1573623632793 0.11542718634112584 0
1573623633161 0.11542591512793267 0
1573623633655 0.11542464610242521 0
1573623634083 0.11542344836762856 0
1573623634768 0.10512701474166726 0
1573623635176 0.11050296630255235 0
1573623635681 0.11365028986076947 0
1573623636101 0.11543224675703244 0
1573623636739 0.115428941692237 0
1573623637297 0.11542699425143754 0
1573623637940 0.1154254603040359 0
1573623638473 0.11542400017034331 0
1573623639085 0.11542247072818236 0
1573623639584 0.11542094079106827 0
1573623639993 0.10687237154829982 0
1573623640458 0.11193127088234141 0
1573623640904 0.1151455485591289 0
1573623641340 0.11542965305561526 0
1573623641741 0.11542707981083736 0
1573623642224 0.1154252295100277 0
1573623642914 0.11542345317880807 0
1573623643286 0.11542160678693059 0
1573623643661 0.11541976024686847 0
1573623644078 0.11541800088900242 0
1573623644466 0.10831489113098237 0
1573623644784 0.11354714772708341 0
1573623645184 0.11543134871393458 0
1573623646087 0.11542756625293715 0
1573623646394 0.11542533280147023 0
1573623646796 0.1154231744074082 0
1573623647349 0.11542094583441831 0
1573623647702 0.11541880453456857 0
1573623648037 0.11541868752002998 0
1573623648455 0.11544105709642105 0
1573623648833 0.10984514104585107 0
1573623649224 0.1149890066541041 0
1573623649618 0.11542855759109458 0
1573623649942 0.11542591818985228 0
1573623650240 0.11542329865001938 0
1573623650543 0.11542060883464106 0
1573623651063 0.11541800589973551 0
1573623651404 0.11542944892540216 0
1573623651871 0.11547220910945555 0
1573623652305 0.11551600655646334 0
1573623652721 0.11134855209868154 0
1573623653287 0.11543216095013024 0
1573623653647 0.1154271836785608 0
1573623653970 0.11542400481444515 0
1573623654289 0.11542075826222353 0
1573623654686 0.1154185245645084 0
1573623655017 0.11544854086380807 0
1573623655394 0.11550083998083224 0
1573623655872 0.11555534353835532 0
1573623656358 0.11560990805774594 0
1573623656799 0.11279657972685914 0
1573623657391 0.1154295522280191 0
1573623657705 0.11542545897621403 0
1573623658073 0.11542161007533576 0
1573623658449 0.1154189460911715 0
1573623658761 0.11546146219631309 0
1573623659075 0.11552554714734613 0
1573623659411 0.11559139203214569 0
1573623659706 0.11565723949137648 0
1573623660143 0.11572345326578502 0
1573623660486 0.11417316350968867 0
1573623660799 0.11542811194627761 0
1573623661087 0.11542344887259302 0
1573623661433 0.11541880537626713 0
1573623661816 0.1154640040029394 0
1573623662191 0.11554181774873043 0
1573623662485 0.11562127659691758 0
1573623662785 0.11570073928892419 0
1573623663181 0.11578609769783593 0
1573623663497 0.11587401305818429 0
1573623663899 0.11535964424691275 0
1573623664255 0.11542657742265451 0
1573623664558 0.11542093702770086 0
1573623665195 0.11545132280042271 0
1573623665531 0.11554502095716487 0
1573623665832 0.11564090712836242 0
1573623666350 0.11573843944264829 0
1573623666698 0.1158436615281387 0
1573623667018 0.11595481672037392 0
1573623667523 0.1160733035606358 0
1573623667885 0.11543288154520964 0
1573623668316 0.11542479710593911 0
1573623668658 0.11542142533584489 0
1573623669008 0.1155290593829819 0
1573623669406 0.1156447667040812 0
1573623669784 0.11576438858861958 0
1573623670153 0.11589283921931758 0
1573623670490 0.11603282128642305 0
1573623671049 0.11618962128166635 0
1573623671442 0.11637059218796252 0
1573623673312 0.11543076471165946 0
1573623673837 0.1154225618839851 0
1573623674208 0.11548651679177573 0
1573623674596 0.11562549742543901 0
1573623674945 0.11576944500600671 0
1573623675304 0.1159257198746668 0
1573623675801 0.11609870273210726 0
1573623676175 0.11630554482664007 0
1573623676931 0.11654067986727325 0
1573623677323 0.11679941904643248 0
1573623677829 0.11542984147716294 0
1573623678187 0.11542220693031986 0
1573623678491 0.11557337674007627 0
1573623678797 0.11574386449578847 0
1573623679157 0.11593247034193736 0
1573623679602 0.1161471061771733 0
1573623679908 0.1164105410716007 0
1573623680225 0.11671062649508578 0
1573623680557 0.1170306220259233 0
1573623681674 0.11732581258308464 0
1573623681964 0.11542873125228709 0
1573623683317 0.11547669495119949 0
1573623683971 0.11567895799908996 0
1573623684468 0.11589969701416776 0
1573623685148 0.11615687386171063 0
1573623685724 0.11647990726391112 0
1573623686069 0.11685318846080721 0
1573623686469 0.11722168781920692 0
1573623686861 0.11759652945414666 0
1573623687485 0.11799606088001077 0
1573623687848 0.11542730554244271 0
1573623688230 0.11556102548479659 0
1573623688611 0.11581447771035834 0
1573623688962 0.11610795850697142 0
1573623689277 0.11649329540540189 0
1573623689597 0.11694694398845543 0
1573623689889 0.11738991763492922 0
1573623690230 0.11785962838982772 0
1573623690626 0.11835721333593777 0
1573623691030 0.11880993275816278 0
1573623691352 0.11542566659199248 0
1573623691745 0.11566402404637102 0
1573623692095 0.11599345343123518 0
1573623692428 0.11642461661572341 0
1573623693226 0.11696582423178994 0
1573623693576 0.11750166411721549 0
1573623693960 0.11807836029437181 0
1573623694575 0.1186507336289088 0
1573623694937 0.11923099889430464 0
