1573623555497 0.9036043944909556 0
1573623556282 0.9050331197769326 0
1573623557002 0.9060144825718847 0
1573623557374 0.9058267420080882 0
1573623557675 0.9055300665857328 0
1573623558007 0.9051364626966052 0
1573623558291 0.9044950178430892 0
1573623558604 0.9038806016114713 0
1573623558917 0.9030681510322245 0
1573623559299 0.9020703440392291 0
1573623559846 0.9039744268443753 0
1573623560428 0.9054155436327617 0
1573623560840 0.9055839335825218 0
1573623561299 0.905507300147234 0
1573623561653 0.9049709171826288 0
1573623561942 0.9041525001185047 0
1573623562252 0.9033445734202817 0
1573623562658 0.9022372416986459 0
1573623562986 0.9008005801905459 0
1573623563335 0.8990032996052655 0
1573623563842 0.9042481822159804 0
1573623564290 0.9056191724134788 0
1573623564632 0.9056542154578402 0
1573623565115 0.904954545319811 0
1573623565656 0.903921886375025 0
1573623565954 0.9028728082620725 0
1573623566244 0.9013726438457177 0
1573623566612 0.8993692108456888 0
1573623566932 0.896997799529659 0
1573623567359 0.8943295395417781 0
1573623567833 0.9045711977700174 0
1573623568293 0.9054566416490671 0
1573623568751 0.904982381891949 0
1573623569068 0.903836644040408 0
1573623569415 0.9025474529725794 0
1573623569804 0.9006354349486719 0
1573623570182 0.8979950294605714 0
1573623570603 0.8949364830979093 0
1573623571016 0.8915953083048367 0
1573623571443 0.8886841850335268 0
1573623571833 0.9047529285133081 0
1573623572150 0.9054320007165311 0
1573623572478 0.9040629205345254 0
1573623572851 0.902470622600587 0
1573623573153 0.9001591474530523 0
1573623573534 0.8968976546916241 0
1573623573885 0.893149973435967 0
1573623574213 0.8893322690840336 0
1573623574637 0.8857852859503327 0
1573623575017 0.8819101514110271 0
1573623575476 0.9049692377458809 0
1573623575762 0.90459861798231 0
1573623576253 0.9027229104103189 0
1573623576593 0.9001906789498966 0
1573623576951 0.8963306438434746 0
1573623577369 0.8917951482168182 0
1573623577738 0.887446048340456 0
1573623578186 0.8829270498653665 0
1573623578708 0.8782322744733293 0
1573623579078 0.873694153133904 0
1573623579438 0.9049609909414005 0
1573623579722 0.9035168062306009 0
1573623580189 0.9008430031660978 0
1573623580596 0.8965570660761581 0
1573623581003 0.8911905965869744 0
1573623581444 0.8859907741083577 0
1573623581780 0.8804475737814557 0
1573623582174 0.8748588912823294 0
1573623582503 0.8697024152381927 0
1573623582836 0.864145354415372 0
1573623583207 0.904964953164986 0
1573623583575 0.9020427998310626 0
1573623583946 0.897778069428742 0
1573623584325 0.8916506405696224 0
1573623584710 0.8853287915933377 0
1573623585122 0.8786819919928349 0
1573623585527 0.8722363741564693 0
1573623585898 0.8658318333002935 0
1573623586243 0.8594035484957141 0
1573623586568 0.8544724802355557 0
1573623587200 0.9041927674912469 0
1573623587592 0.8998887772002478 0
1573623587879 0.8934068850849963 0
1573623588245 0.8858507974807996 0
1573623588661 0.8779716720012511 0
1573623589029 0.8704074124571654 0
1573623589325 0.8626125952540679 0
1573623589703 0.8558156027014974 0
1573623590094 0.8509119025665042 0
1573623590422 0.8478373601547918 0
1573623590888 0.9027252913615061 0
1573623591373 0.8967904883051638 0
1573623591839 0.8881045104950872 0
1573623592171 0.8787851659166218 0
1573623592602 0.8697426271311871 0
1573623592970 0.8605836155216446 0
1573623593270 0.853312304257742 0
1573623593643 0.8487469629293988 0
1573623593979 0.8452675273049632 0
1573623594265 0.842656839550239 0
1573623594624 0.9010342877519321 0
1573623594921 0.8924983747826214 0
1573623595345 0.8817284347184975 0
1573623595669 0.8707127232239875 0
1573623596110 0.8599955652452363 0
1573623596436 0.8516273252713379 0
1573623596906 0.8470494815387435 0
1573623597177 0.843469351905141 0
1573623597533 0.8409843123066223 0
1573623597836 0.8385457438159962 0
1573623598183 0.8986688458344407 0
1573623598487 0.8872711626757506 0
1573623598830 0.8740328811342368 0
1573623599134 0.8615139486669585 0
1573623599513 0.8512391225054151 0
1573623599830 0.845908427115861 0
1573623600199 0.842108240446988 0
1573623600770 0.8393180201807828 0
1573623601060 0.8361437198292136 0
1573623601336 0.8335503191309728 0
1573623601681 0.895540771095156 0
1573623602031 0.8810130336388328 0
1573623602400 0.8658646071323215 0
1573623602900 0.8524757001975903 0
1573623603399 0.8455956821936701 0
1573623603843 0.8413420590241777 0
1573623604304 0.8378350676330172 0
1573623604637 0.8343799197349714 0
1573623605031 0.8310456296623734 0
1573623605427 0.8289986457756144 0
1573623605788 0.8916817704484651 0
1573623606129 0.8735660012684203 0
1573623606464 0.8562811233300699 0
1573623607017 0.846459920468704 0
1573623607384 0.8410785455014727 0
1573623607763 0.8367829391939898 0
1573623608097 0.8328647536916592 0
1573623608605 0.8296011031464661 0
1573623609055 0.8274063748724193 0
1573623609394 0.8255223391191625 0
1573623609776 0.8867378060410968 0
1573623610230 0.8657377110324043 0
1573623610752 0.8489180577373299 0
1573623611253 0.8415578613565113 0
1573623611627 0.8364821654097573 0
1573623611984 0.8318147434610856 0
1573623612326 0.8285175128264447 0
1573623612690 0.8261489430390818 0
1573623613181 0.8239125862307926 0
1573623613590 0.8218579212125938 0
1573623614173 0.8813002268578667 0
1573623614649 0.8568011767491288 0
1573623615033 0.8435880160448237 0
1573623615361 0.8372638777951671 0
1573623615732 0.8315545337321958 0
1573623616023 0.8277701115963738 0
1573623616360 0.8250410113463796 0
1573623616721 0.822557671966577 0
1573623616991 0.8199608839134749 0
1573623617324 0.8186953289712728 0
1573623617684 0.874697714524953 0
1573623618025 0.849084936791582 0
1573623618420 0.8393684532704596 0
1573623618722 0.8324035652655607 0
1573623619026 0.827588629747094 0
1573623619514 0.8243189823509718 0
1573623619890 0.8213868116681751 0
1573623620159 0.8187629624884405 0
1573623620539 0.8186690792338307 0
1573623621242 0.8186321018097159 0
1573623621747 0.8673480462755195 0
1573623622050 0.8437674082591671 0
1573623622402 0.8346121026417579 0
1573623622682 0.8281934706122239 0
1573623623007 0.8241621850590675 0
1573623623357 0.8206005925550262 0
1573623623691 0.8186888681892309 0
1573623624066 0.8186445657518434 0
1573623624437 0.8185995568394776 0
1573623624991 0.8185536030772766 0
1573623625317 0.859938571034502 0
1573623625898 0.839375416267557 0
1573623626255 0.829840402206777 0
1573623626816 0.824743368121374 0
1573623627214 0.8204465212789908 0
1573623627633 0.8186778913627528 0
1573623628177 0.8186241105264871 0
1573623628599 0.8185692522745966 0
1573623629025 0.818513093152642 0
1573623629451 0.8184559052509739 0
1573623629814 0.8518203412988578 0
1573623630252 0.8347393371871575 0
1573623630815 0.8264205011954918 0
1573623631227 0.8211856982985937 0
1573623631863 0.818675591089321 0
1573623632240 0.818610510557456 0
1573623632749 0.8185436831013326 0
1573623633121 0.8184752998253821 0
1573623633567 0.8184052095640075 0
1573623633987 0.8183332389988673 0
1573623634737 0.8456720394826857 0
1573623635102 0.8301566222770511 0
1573623635576 0.8230229773447003 0
1573623636023 0.818686046545915 0
1573623636677 0.818607670386132 0
1573623637235 0.8185267683966054 0
1573623637837 0.8184435325089534 0
1573623638340 0.8183576339725172 0
1573623639018 0.8182694293781413 0
1573623639527 0.8181787477186608 0
1573623639948 0.8406905974659198 0
1573623640401 0.8265629252034332 0
1573623640851 0.8193968302496474 0
1573623641277 0.8186206502039348 0
1573623641683 0.8185232495973684 0
1573623642122 0.8184223818162009 0
1573623642768 0.8183177196046832 0
1573623643240 0.8182096226058424 0
1573623643603 0.8180979167185817 0
1573623644029 0.817982377330466 0
1573623644420 0.8364689225537159 0
1573623644737 0.8232871589641558 0
1573623645076 0.8186557452745039 0
1573623646025 0.818539432814366 0
1573623646335 0.8184180006109678 0
1573623646679 0.8182911241353079 0
1573623647281 0.8181591663025534 0
1573623647664 0.8180217284552325 0
1573623647982 0.8178792599888633 0
1573623648403 0.8177066123309527 0
1573623648779 0.8320947481838235 0
1573623649155 0.8197733550142028 0
1573623649567 0.8185832340196274 0
1573623649910 0.8184382914609512 0
1573623650193 0.8182856419524445 0
1573623650496 0.8181255126875697 0
1573623651021 0.8179575049224558 0
1573623651354 0.8177702527371277 0
1573623651800 0.8175424710349488 0
1573623652234 0.8173100261009636 0
1573623652664 0.8280276674879765 0
1573623653231 0.818663419503826 0
1573623653602 0.818492872467297 0
1573623653924 0.818311232498685 0
1573623654242 0.8181186130617729 0
1573623654655 0.8179146229500234 0
1573623654970 0.8176675247242018 0
1573623655337 0.8173895228574071 0
1573623655821 0.8171044359198589 0
1573623656260 0.8168128476485649 0
1573623656768 0.8247855736768706 0
1573623657344 0.8185926877297623 0
1573623657666 0.8183800389931581 0
1573623658041 0.8181511026379411 0
1573623658402 0.8179058838708059 0
1573623658724 0.817599567447509 0
1573623659027 0.8172609412120854 0
1573623659369 0.8169127122546529 0
1573623659667 0.8165545922830735 0
1573623660002 0.8161865801729693 0
1573623660435 0.8217804664542117 0
1573623660768 0.8185047521468339 0
1573623661041 0.8182379412496392 0
1573623661355 0.8179474327800182 0
1573623661784 0.8175862496914236 0
1573623662150 0.8171759839245774 0
1573623662438 0.8167516030675869 0
1573623662753 0.8163128175285513 0
1573623663134 0.8158596256319876 0
1573623663434 0.8153920257458942 0
1573623663856 0.8188758808216461 0
1573623664212 0.8183950614239796 0
1573623664514 0.8180582986169981 0
1573623665148 0.817653252132772 0
1573623665484 0.8171593640520863 0
1573623665785 0.8166447888371884 0
1573623666303 0.816109236390559 0
1573623666657 0.8155527038347572 0
1573623666962 0.8149751883017291 0
1573623667470 0.8143766869229094 0
1573623667830 0.8186349711617947 0
1573623668198 0.818257067836466 0
1573623668601 0.817829101817149 0
1573623668977 0.8172432342300902 0
1573623669312 0.8166239361698682 0
1573623669737 0.8159740908349946 0
1573623670080 0.8152936930113531 0
1573623670428 0.8145827376589183 0
1573623671007 0.8138412197365884 0
1573623671404 0.8130687026207956 0
1573623673270 0.8185577208217483 0
1573623673794 0.8180828343052708 0
1573623674155 0.8174671115464734 0
1573623674558 0.816729536890502 0
1573623674889 0.8159477702335775 0
1573623675257 0.8151215132943934 0
1573623675737 0.8142507572167468 0
1573623676113 0.8133350651376547 0
1573623676900 0.8123752716859716 0
1573623677276 0.8113709517699965 0
1573623677732 0.818461448069508 0
1573623678137 0.8178608254533631 0
1573623678454 0.8170103469349799 0
1573623678750 0.8160816009386302 0
1573623679079 0.8150880726669307 0
1573623679551 0.8140297465594308 0
1573623679861 0.8129061734521793 0
1573623680178 0.8117181893361319 0
1573623680495 0.8104629824326919 0
1573623681627 0.8093341055797196 0
1573623681918 0.8183410110049326 0
1573623683280 0.8175200356511039 0
1573623683905 0.8164364814431722 0
1573623684401 0.8152588945195604 0
1573623684993 0.8139869588401513 0
1573623685669 0.8126202098204202 0
1573623686028 0.8111594760401236 0
1573623686426 0.809720247438104 0
1573623686746 0.8083256719433092 0
1573623687443 0.8068562288887513 0
1573623687777 0.8181897042248878 0
1573623688167 0.8170768912134693 0
1573623688554 0.8157104684811964 0
1573623688912 0.8142066835225392 0
1573623689236 0.812565050441004 0
1573623689557 0.8107862343337804 0
1573623689857 0.8090983772906913 0
1573623690178 0.8073653066229686 0
1573623690559 0.8055245778715079 0
1573623690983 0.8038752212198463 0
1573623691305 0.8179979071931178 0
1573623691691 0.8165206913657057 0
1573623692053 0.8147855890063941 0
1573623692361 0.8128500099479957 0
1573623692747 0.8107141371226717 0
1573623693510 0.8086827640409546 0
1573623693899 0.8065462720737763 0
1573623694511 0.8044435499521548 0
1573623694875 0.8023814503882285 0
