1573623555450 0.11894880469661961 0
1573623556248 0.11806401547824101 0
1573623556971 0.11745241007083222 0
1573623557324 0.11756965994879676 0
1573623557659 0.1177547050543906 0
1573623557976 0.11799975938628059 0
1573623558259 0.1183980305304694 0
1573623558579 0.11877826748513717 0
1573623558875 0.11927919867650505 0
1573623559258 0.11989155105226892 0
1573623559815 0.11872028168972468 0
1573623560412 0.11782605861360892 0
1573623560814 0.11772112825085376 0
1573623561260 0.11776889313337721 0
1573623561620 0.11810267467124176 0
1573623561911 0.11861015102981401 0
1573623562205 0.11910900187745414 0
1573623562637 0.11978934426040247 0
1573623562971 0.12066630952474469 0
1573623563290 0.12175450996356432 0
1573623563796 0.11855093351354103 0
1573623564258 0.11769915772062542 0
1573623564589 0.11767730519063645 0
1573623565084 0.11811284775435607 0
1573623565591 0.1187527561968802 0
1573623565927 0.11939932741697518 0
1573623566215 0.1203178769577029 0
1573623566583 0.12153375141769561 0
1573623566885 0.12295741261553733 0
1573623567328 0.12453982877721094 0
1573623567789 0.1183508007815662 0
1573623568250 0.11780045745460405 0
1573623568736 0.11809555025398008 0
1573623569037 0.11880542437237385 0
1573623569383 0.11959914131030862 0
1573623569769 0.12076670920497228 0
1573623570148 0.12236075040918602 0
1573623570540 0.12418165157502327 0
1573623570980 0.12614077753989603 0
1573623571397 0.1278232629111816 0
1573623571802 0.11823805584510672 0
1573623572118 0.11781580768155728 0
1573623572450 0.11866556492480826 0
1573623572820 0.11964627725707279 0
1573623573121 0.12105580074586174 0
1573623573501 0.12301717133223863 0
1573623573854 0.12523299919875355 0
1573623574167 0.12745062428456955 0
1573623574588 0.12947695962664238 0
1573623574986 0.13165511817819564 0
1573623575435 0.11810371827331419 0
1573623575747 0.11833379628629442 0
1573623576237 0.11949142728229492 0
1573623576549 0.12103668346108336 0
1573623576904 0.12335497370206241 0
1573623577335 0.12602445605193296 0
1573623577675 0.12853216947610546 0
1573623578154 0.1310870365311753 0
1573623578657 0.13368958075987622 0
1573623579046 0.13615800890330074 0
1573623579410 0.11810884270418412 0
1573623579690 0.11900283285091595 0
1573623580146 0.12064050508295525 0
1573623580534 0.12322019146369075 0
1573623580946 0.1263760214732153 0
1573623581396 0.12936043366103153 0
1573623581749 0.1324679030262434 0
1573623582127 0.13552875960407829 0
1573623582472 0.1382928246210679 0
1573623582806 0.1412110594179478 0
1573623583176 0.1181063806703073 0
1573623583549 0.11990841052978386 0
1573623583915 0.12249080922335513 0
1573623584284 0.1261085808440441 0
1573623584677 0.12973544891720953 0
1573623585075 0.13344247849657861 0
1573623585488 0.13694149932880068 0
1573623585853 0.1403318359648989 0
1573623586214 0.14365430462450582 0
1573623586536 0.14615175279736092 0
1573623587169 0.11858523321292444 0
1573623587546 0.12121960022440333 0
1573623587848 0.12508235263156267 0
1573623588209 0.12943982145876473 0
1573623588618 0.13383256287725342 0
1573623588997 0.1379181887647129 0
1573623589293 0.1420054211747605 0
1573623589655 0.1454757475503897 0
1573623590047 0.1479288737099776 0
1573623590406 0.1494464081301517 0
1573623590850 0.11948996493901479 0
1573623591327 0.1230810878305696 0
1573623591808 0.12815564909611782 0
1573623592124 0.13338572388630596 0
1573623592570 0.13827148329921488 0
1573623592939 0.1430501680401204 0
1573623593239 0.1467331725450226 0
1573623593613 0.14899905578049696 0
1573623593945 0.1507031039294917 0
1573623594235 0.15196913763425232 0
1573623594590 0.1205240846089438 0
1573623594874 0.12561427015971058 0
1573623595298 0.131756374706388 0
1573623595637 0.13775563032358762 0
1573623596079 0.1433515392659505 0
1573623596389 0.14757351689475848 0
1573623596872 0.14983281574216542 0
1573623597142 0.1515762491811031 0
1573623597502 0.15277470375259972 0
1573623597805 0.15394167704189785 0
1573623598152 0.12195594029785531 0
1573623598456 0.12863198697973904 0
1573623598784 0.13597531152878636 0
1573623599102 0.1425720783347052 0
1573623599451 0.14776644670498112 0
1573623599799 0.15039067496469444 0
1573623600167 0.1522338380138975 0
1573623600739 0.15357306481879274 0
1573623601041 0.15508257736063996 0
1573623601305 0.15630502771532484 0
1573623601643 0.1238240122243166 0
1573623601992 0.13215425793394495 0
1573623602339 0.1403146951891291 0
1573623602831 0.14715100934383876 0
1573623603362 0.15054321438714957 0
1573623603801 0.15260275397789966 0
1573623604261 0.15428010899254982 0
1573623604601 0.15591502179469097 0
1573623604992 0.15747665433847183 0
1573623605411 0.15842774447878122 0
1573623605757 0.12609046340024696 0
1573623606098 0.13622706540201632 0
1573623606417 0.14524071271401814 0
1573623606983 0.15012130981012092 0
1573623607350 0.15272942966010894 0
1573623607732 0.1547797856207579 0
1573623608066 0.15662658799825835 0
1573623608569 0.15814841868623525 0
1573623609024 0.15916363157345356 0
1573623609363 0.16002999051864916 0
1573623609737 0.12893592768631515 0
1573623610179 0.14038105045183505 0
1573623610705 0.14891475936336476 0
1573623611209 0.15249893554950067 0
1573623611583 0.15492233283441495 0
1573623611937 0.15711781301375452 0
1573623612279 0.15865046571584118 0
1573623612650 0.15974237314977735 0
1573623613087 0.16076652401178976 0
1573623613536 0.16170175085024685 0
1573623614122 0.13199467433662193 0
1573623614589 0.14497769443574965 0
1573623615017 0.15151878415559628 0
1573623615329 0.15455157880696996 0
1573623615703 0.1572393093423124 0
1573623615994 0.15899582644038657 0
1573623616323 0.16025057414114868 0
1573623616674 0.16138385218980186 0
1573623616960 0.1625604528392701 0
1573623617278 0.1631307981045987 0
1573623617653 0.135616009338302 0
1573623617994 0.14883249400486592 0
1573623618373 0.153548962016488 0
1573623618690 0.15684253469246157 0
1573623618995 0.15907957282045568 0
1573623619483 0.160580898501296 0
1573623619843 0.16191542563110556 0
1573623620128 0.16310036827974758 0
1573623620507 0.163142606916835 0
1573623621211 0.16315924027927503 0
1573623621567 0.13953664920469833 0
1573623622014 0.15143186917731719 0
1573623622373 0.1558056947755943 0
1573623622651 0.158800292049344 0
1573623622975 0.16065254265159115 0
1573623623315 0.16227139380650657 0
1573623623648 0.16313370465724206 0
1573623624036 0.16315363387845044 0
1573623624391 0.16317387841117126 0
1573623624946 0.16319454533635588 0
1573623625282 0.14338071468643593 0
1573623625871 0.1535456339885095 0
1573623626210 0.1580373320982111 0
1573623626787 0.16038682672625604 0
1573623627184 0.1623410595748295 0
1573623627576 0.16313864275246265 0
1573623628107 0.16316283473383808 0
1573623628560 0.1631875076691634 0
1573623628982 0.16321276181761682 0
1573623629420 0.16323847458214705 0
1573623629748 0.14747749745010053 0
1573623630197 0.15574575181361336 0
1573623630762 0.15961756431006205 0
1573623631192 0.16200655606761874 0
1573623631805 0.16313967754711148 0
1573623632178 0.16316895177594007 0
1573623632694 0.16319900633383277 0
1573623633079 0.16322975486778296 0
1573623633493 0.163261264937773 0
1573623633925 0.16329361399773257 0
1573623634713 0.15050598585169023 0
1573623635052 0.1578904176239027 0
1573623635506 0.16117211559734615 0
1573623635958 0.16313497403141644 0
1573623636642 0.163170229209283 0
1573623637194 0.16320661256855634 0
1573623637792 0.16324403706856555 0
1573623638282 0.16328264975438558 0
1573623638967 0.16332228954826006 0
1573623639489 0.16336303252591564 0
1573623639900 0.1529157322790804 0
1573623640352 0.15955206683320783 0
1573623640815 0.1628149006393376 0
1573623641215 0.16316439115168813 0
1573623641635 0.16320819486395832 0
1573623642060 0.16325354547101387 0
1573623642588 0.1633005887569801 0
1573623643189 0.1633491616794797 0
1573623643556 0.1633993410703362 0
1573623643992 0.1634512263006403 0
1573623644373 0.15492860607249784 0
1573623644706 0.1610517762122276 0
1573623645014 0.16314860505793294 0
1573623645959 0.16320091764383746 0
1573623646301 0.16325551499506777 0
1573623646650 0.16331254065694092 0
1573623647219 0.16337182905919867 0
1573623647629 0.1634335567552906 0
1573623647943 0.1634975192617972 0
1573623648368 0.16357499746977552 0
1573623648742 0.15698696903648696 0
1573623649092 0.16264509235910363 0
1573623649536 0.1631812196223113 0
1573623649879 0.16324639326020055 0
1573623650146 0.16331500421975462 0
1573623650465 0.1633869461210885 0
1573623650991 0.16346239358943565 0
1573623651319 0.16354644216086603 0
1573623651753 0.16364862430610572 0
1573623652186 0.16375283262898457 0
1573623652602 0.15887689925199722 0
1573623653181 0.16314515291367526 0
1573623653554 0.16322185388391783 0
1573623653892 0.16330350411771452 0
1573623654211 0.16339004523112236 0
1573623654624 0.16348164507548593 0
1573623654939 0.16359253352128664 0
1573623655293 0.1637172005818482 0
1573623655764 0.16384494635482827 0
1573623656197 0.16397550238603886 0
1573623656721 0.16036751326965282 0
1573623657313 0.16317696784315724 0
1573623657631 0.16327257924045047 0
1573623658003 0.16337545135075307 0
1573623658387 0.1634855681305064 0
1573623658692 0.1636230170304831 0
1573623658993 0.1637748295935649 0
1573623659301 0.16393080061216872 0
1573623659638 0.16409104716628695 0
1573623659956 0.16425555724474564 0
1573623660393 0.16173690034728694 0
1573623660737 0.16321651234424295 0
1573623661025 0.16333643821481378 0
1573623661324 0.1634669155933169 0
1573623661753 0.16362899029388428 0
1573623662117 0.16381289547990935 0
1573623662407 0.16400291089030447 0
1573623662722 0.16419914474641006 0
1573623663103 0.16440157552868842 0
1573623663403 0.1646101811025784 0
1573623663818 0.16304955115228845 0
1573623664181 0.16326582667389858 0
1573623664484 0.16341713421247722 0
1573623665117 0.16359893623067143 0
1573623665437 0.16382034113071123 0
1573623665754 0.1640507020115066 0
1573623666272 0.16429011078817252 0
1573623666625 0.1645385292492162 0
1573623666927 0.16479591792745582 0
1573623667429 0.16506223613536478 0
1573623667794 0.16315794963423363 0
1573623668162 0.16332784414744153 0
1573623668552 0.163520032271789 0
1573623668930 0.1637827640979116 0
1573623669281 0.16406003034592762 0
1573623669690 0.16435046999265476 0
1573623670018 0.16465401565091772 0
1573623670381 0.16497059721772647 0
1573623670973 0.16530014203240934 0
1573623671368 0.1656427661737164 0
1573623673244 0.16319269355737082 0
1573623673761 0.1634061150590374 0
1573623674104 0.1636824162892196 0
1573623674523 0.16401278494212895 0
1573623674852 0.1643622228174821 0
1573623675236 0.16473074145010289 0
1573623675706 0.1651182170203086 0
1573623676081 0.1655247100932776 0
1573623676869 0.16594971181501508 0
1573623677214 0.16639326785187644 0
1573623677692 0.1632359826031323 0
1573623678105 0.16350579378494123 0
1573623678419 0.16388708521864118 0
1573623678719 0.1643024552387695 0
1573623679064 0.1647456389386512 0
1573623679520 0.16521641940453147 0
1573623679830 0.1657147603559233 0
1573623680131 0.1662400448765894 0
1573623680464 0.1667932555956819 0
1573623681595 0.16728922603647162 0
1573623681882 0.16329012097422774 0
1573623683253 0.16365868529636798 0
1573623683865 0.16414386345930787 0
1573623684331 0.16466952525008374 0
1573623684931 0.16523542466765964 0
1573623685629 0.1658413553957066 0
1573623685989 0.16648651510380194 0
1573623686385 0.16711974079086883 0
1573623686712 0.1677310397308999 0
1573623687377 0.1683727548529387 0
1573623687730 0.1633581103426559 0
1573623688136 0.1638572836989722 0
1573623688523 0.16446814622762576 0
1573623688868 0.16513780508985415 0
1573623689190 0.1658657631323364 0
1573623689519 0.1666509634841878 0
1573623689826 0.16739260745648787 0
1573623690139 0.16815071462039313 0
1573623690520 0.16895219008126597 0
1573623690950 0.16966712379873145 0
1573623691258 0.163444253269118 0
1573623691664 0.16410620857075905 0
1573623692008 0.16488033144287548 0
1573623692312 0.1657396313616621 0
1573623692697 0.1666827104486031 0
1573623693467 0.16757472419308625 0
1573623693851 0.168507802857304 0
1573623694444 0.16942111546795893 0
1573623694828 0.17031202712754795 0
