1573623966360 0.07891991790997721 0
1573623967268 0.07747995076339145 0
1573623967653 0.07722376070370579 0
1573623968255 0.0772015765189338 0
1573623968546 0.0772950909317971 0
1573623968918 0.077639147978739 0
1573623969337 0.0780683880530464 0
1573623969651 0.07857911449317338 0
1573623970078 0.07921530154267849 0
1573623970673 0.07998298456152486 0
1573623971289 0.07879692689780232 0
1573623971941 0.07743976537269294 0
1573623972279 0.07725049400515532 0
1573623972569 0.07723890876837586 0
1573623972871 0.07748322344880887 0
1573623973136 0.07784540260034636 0
1573623973948 0.07841512392608427 0
1573623974257 0.07903972609756087 0
1573623974550 0.07986605080010589 0
1573623974977 0.08079125171728464 0
1573623975654 0.0787020517327258 0
1573623976031 0.07739527723069116 0
1573623976362 0.07721488801683678 0
1573623976692 0.0772196484229096 0
1573623977026 0.07762651652809716 0
1573623977650 0.07817200885785154 0
1573623978085 0.07881789359833287 0
1573623978391 0.07966960462467154 0
1573623978690 0.08065410208187382 0
1573623979016 0.08173907778011795 0
1573623979754 0.07860819070723933 0
1573623980219 0.07734156739895483 0
1573623980706 0.07719595972591996 0
1573623981145 0.0772948527694306 0
1573623981412 0.07781495433239598 0
1573623981745 0.07854501396831366 0
1573623982138 0.07935988378967081 0
1573623982437 0.08040445617832509 0
1573623982717 0.08157491519169513 0
1573623983027 0.08291695347184579 0
1573623983663 0.0785136967887854 0
1573623984010 0.0772848157547536 0
1573623984421 0.07721953028335661 0
1573623984815 0.07750185269448143 0
1573623985113 0.07816762659945511 0
1573623985414 0.07895738239850097 0
1573623985697 0.08003327767228562 0
1573623985995 0.081279806182254 0
1573623986327 0.08271212826824874 0
1573623986644 0.08430238410058762 0
1573623987525 0.07842018190274273 0
1573623987873 0.07727241473047967 0
1573623988355 0.0772181801385981 0
1573623988652 0.07767619558284061 0
1573623989025 0.0785481175036217 0
1573623989292 0.07953784482974198 0
1573623989588 0.08083192944415682 0
1573623989983 0.08234437145301227 0
1573623990336 0.08403346063702298 0
1573623990701 0.0859299234146673 0
1573623991451 0.07832057857687377 0
1573623992241 0.07727532227595987 0
1573623992783 0.0772088377827656 0
1573623993062 0.0779450338469988 0
1573623993955 0.07895528758377783 0
1573623994268 0.08024224812481767 0
1573623994884 0.08180259271220224 0
1573623995205 0.08359306792761753 0
1573623995578 0.08560027176418614 0
1573623996017 0.08736345980223555 0
1573623997192 0.078212264067383 0
1573623997674 0.07728591068320258 0
1573623998815 0.07730950823129082 0
1573623999390 0.07834522603701831 0
1573623999684 0.07949623648136898 0
1573623999993 0.08108450193948401 0
1573624000315 0.08295825546330515 0
1573624000628 0.08503073869513333 0
1573624001485 0.08708442673047131 0
1573624001857 0.08896009300449383 0
1573624002628 0.07810162497996294 0
1573624003013 0.0772930969185975 0
1573624003360 0.07749816482353793 0
1573624003694 0.07875483318351822 0
1573624004093 0.08021079391372199 0
1573624004384 0.08208902108645842 0
1573624004818 0.08425610529342313 0
1573624005124 0.08657385207179341 0
1573624005441 0.08861033532095874 0
1573624005818 0.09070163212732608 0
1573624006927 0.07801112251641845 0
1573624007821 0.07728148383766396 0
1573624008550 0.07783115452326439 0
1573624008879 0.07919217066437013 0
1573624009888 0.08102940238171674 0
1573624010283 0.08326701549260139 0
1573624010674 0.08576950618809184 0
1573624011107 0.08804532005009592 0
1573624011655 0.09033493628112953 0
1573624012390 0.09245684166793086 0
1573624013388 0.07793058681663567 0
1573624013768 0.07728935811149087 0
1573624014603 0.07819380872709532 0
1573624014878 0.07980706052205656 0
1573624015163 0.08199960023584499 0
1573624015637 0.0845715922356108 0
1573624015915 0.08725558848102273 0
1573624016213 0.08972793214877602 0
1573624016606 0.09208106254888548 0
1573624016989 0.09423762540218267 0
1573624018014 0.07784289601707857 0
1573624018397 0.07730549285106575 0
1573624019143 0.07862899534182989 0
1573624019444 0.08057099832314407 0
1573624019756 0.08313681845121079 0
1573624020075 0.08607287114806034 0
1573624020596 0.0887577610398415 0
1573624020937 0.09144221796130379 0
1573624021350 0.09388357545986895 0
1573624021634 0.09610534123833882 0
1573624022343 0.07777403055847674 0
1573624022743 0.07731842757377405 0
1573624023176 0.07909284703253171 0
1573624023494 0.08142332074516623 0
1573624023817 0.0843992950374205 0
1573624024140 0.08753594328012373 0
1573624024674 0.09046793004139832 0
1573624025159 0.09323728226733612 0
1573624025661 0.09565748267864957 0
1573624025956 0.09825868850705113 0
1573624026645 0.07772225034479231 0
1573624026993 0.07745039499084032 0
1573624027910 0.07962762814472117 0
1573624028352 0.08240636166940794 0
1573624028737 0.08578240644961421 0
1573624029038 0.08905187232518824 0
1573624029338 0.09220949064654946 0
1573624029668 0.09496131904794379 0
1573624030141 0.09774916173062599 0
1573624030791 0.10039134244002312 0
1573624031540 0.07766480315763334 0
1573624032002 0.07772122574398742 0
1573624032305 0.08026348557673424 0
1573624032615 0.0835600926264619 0
1573624032935 0.0872616388941776 0
1573624033252 0.09074837449470086 0
1573624033585 0.09398393933590107 0
1573624033942 0.09692352558122296 0
1573624034243 0.09989528238731861 0
1573624034563 0.10220343622152588 0
1573624035291 0.0776363823395137 0
1573624035644 0.07810593694572954 0
1573624036284 0.08108374839002819 0
1573624036644 0.0848295114733886 0
1573624036981 0.08873526231467532 0
1573624037299 0.09249062197889273 0
1573624037612 0.09571876562724789 0
1573624038245 0.09908031524217573 0
1573624038676 0.10186478628408946 0
1573624039014 0.10353409713966874 0
1573624040143 0.07761834135973995 0
1573624040443 0.0785961195218394 0
1573624040762 0.0819670738492989 0
1573624041097 0.08616934752720466 0
1573624041414 0.09038383127644423 0
1573624042326 0.09424086246709233 0
1573624042675 0.0977796446947584 0
1573624043011 0.10113340357616317 0
1573624043391 0.10329928352462125 0
1573624043728 0.1045064954089629 0
1573624045145 0.07761234715377542 0
1573624045476 0.07920886566478746 0
1573624045893 0.08295342250578633 0
1573624046237 0.0876213015480157 0
1573624046863 0.09209766598632332 0
1573624047196 0.09598098969936143 0
1573624047551 0.09989764256270268 0
1573624048201 0.1027413644202712 0
1573624048528 0.10427326365639882 0
1573624048866 0.1054004185557193 0
1573624049951 0.07761432781959636 0
1573624050444 0.07976972626564237 0
1573624051082 0.08408104507451189 0
1573624051469 0.08909534109301953 0
1573624051863 0.09383581259465827 0
1573624052239 0.09802530516904673 0
1573624052625 0.10186648480163533 0
1573624053071 0.10391580353454319 0
1573624053601 0.10524963729566063 0
1573624054185 0.10617927775829364 0
1573624055197 0.07761764787175515 0
1573624055765 0.08035147024069371 0
1573624056318 0.08531189591672797 0
1573624056691 0.09069642409379891 0
1573624057138 0.09550570754421522 0
1573624057805 0.10011567573973063 0
1573624058333 0.10329674677160823 0
1573624058832 0.10486774236112792 0
1573624059315 0.10599502671551914 0
1573624059811 0.10677982229078943 0
1573624061255 0.0776297438732267 0
1573624062018 0.08105130177142661 0
1573624062714 0.08659815509554851 0
1573624063102 0.09238644247278757 0
1573624063467 0.09740408715467654 0
1573624063799 0.10202132669516255 0
1573624064132 0.10426787181063493 0
1573624064457 0.10569307243130267 0
1573624064831 0.1066407514215145 0
1573624065166 0.10745511778374908 0
1573624066571 0.07766969965936159 0
1573624067074 0.08181764303761938 0
1573624067566 0.0879855278418738 0
1573624067962 0.09407113185287064 0
1573624068316 0.09950537782961 0
1573624068753 0.10341122489310896 0
1573624069185 0.10524513353609706 0
1573624069559 0.10641629982185469 0
1573624070266 0.10729848237538131 0
1573624070552 0.10827960164174213 0
1573624071320 0.07774478731287385 0
1573624071677 0.08266307701167269 0
1573624072292 0.08938933148715138 0
1573624072779 0.09573176279873456 0
1573624073110 0.10145939187459446 0
1573624073462 0.10436626845434772 0
1573624073767 0.10600878832434567 0
1573624074097 0.10704437775676069 0
1573624075196 0.1080815026076088 0
1573624075510 0.10920847023746177 0
1573624076356 0.07783325726146806 0
1573624076655 0.08364073650804024 0
1573624076980 0.09095584554377338 0
1573624077298 0.09755331073065537 0
1573624077671 0.10300043503166183 0
1573624078007 0.10534626124718026 0
1573624078344 0.10666735340889832 0
1573624078661 0.10774783768540913 0
1573624079021 0.1089859160622411 0
1573624079484 0.11020987917227311 0
1573624080421 0.07800461397743516 0
1573624080988 0.08460586413321744 0
1573624081343 0.09252665410277867 0
1573624081691 0.09958414672296777 0
1573624082169 0.10409431267883835 0
1573624082478 0.10611163991578917 0
1573624082886 0.107321491105899 0
1573624083223 0.10861749790799487 0
1573624083644 0.109978152259235 0
1573624084134 0.11087500623706584 0
1573624084899 0.07819856921682972 0
1573624085412 0.08565931489190276 0
1573624085808 0.0941861118342868 0
1573624086171 0.10152250923146995 0
1573624086870 0.1050298905097404 0
1573624087447 0.1067526232827124 0
1573624087793 0.10809332203222663 0
1573624088387 0.10957078605215775 0
1573624088728 0.11071204828777013 0
1573624089059 0.1116358748907311 0
1573624089971 0.07843410782181655 0
1573624090404 0.08683006427157743 0
1573624090815 0.09580646625680177 0
1573624091249 0.10304029543894522 0
1573624091554 0.10588736874483362 0
1573624091910 0.10741358856593423 0
1573624092222 0.10899181125958783 0
1573624092536 0.11045942407993975 0
1573624092849 0.11144194153771707 0
1573624093187 0.11256648870319631 0
1573624094179 0.07876526532652607 0
1573624094483 0.08813210542768746 0
1573624094879 0.09746239982219124 0
1573624095295 0.10413414284965314 0
1573624095657 0.10660399697062403 0
1573624096007 0.10820040474355354 0
1573624096325 0.10995764235126151 0
1573624096651 0.1111389724265032 0
1573624097034 0.11232894530155141 0
1573624097388 0.11337187953839829 0
1573624098357 0.07916578291761982 0
1573624098681 0.08942609014206518 0
1573624099002 0.09937750214591194 0
1573624099304 0.10507180582561296 0
1573624099637 0.10723738203035198 0
1573624099947 0.10909551090789785 0
1573624100270 0.11071172448885548 0
1573624100706 0.11195437554437696 0
1573624101154 0.11321795706161189 0
1573624101540 0.11413631596628802 0
1573624103446 0.07960187889921534 0
1573624103768 0.09070327682590112 0
1573624104208 0.1012763330924241 0
1573624104499 0.10595891996997488 0
1573624104957 0.10795193934419735 0
1573624105264 0.11005504419276887 0
1573624105789 0.11143399817094783 0
1573624107158 0.11291158640468424 0
1573624107472 0.11393548137293705 0
1573624108278 0.11498410739503953 0
1573624109003 0.08004373126678324 0
1573624109360 0.09209408752793462 0
1573624109785 0.10285604509357825 0
1573624110102 0.10668353046621085 0
1573624110424 0.10882262062025262 0
1573624110787 0.11078515394031918 0
1573624111213 0.11230694103313171 0
1573624111541 0.11361726241359847 0
1573624112026 0.11479785228080795 0
1573624112292 0.11543216508849506 0
1573624113097 0.0804931183082979 0
1573624113472 0.09356330798693811 0
1573624113879 0.10402869826580698 0
1573624114224 0.1073160488232767 0
1573624114646 0.1097403643738277 0
1573624115005 0.11151299298307202 0
1573624115455 0.11320748373197469 0
1573624115847 0.11442828323241042 0
1573624116143 0.11543249849165609 0
1573624116446 0.11543094200015229 0
1573624117272 0.08097223931617901 0
1573624117644 0.09506001037497996 0
1573624118007 0.10495757892057339 0
1573624118486 0.10802333629469438 0
1573624119153 0.11058758641146627 0
1573624120153 0.11239278835548612 0
1573624120484 0.11390921486773703 0
1573624120826 0.11520427325244872 0
1573624121166 0.11543126415119903 0
1573624121640 0.11542955218934564 0
1573624122421 0.08146208133415843 0
1573624122800 0.09658105856898935 0
1573624123395 0.10589259685858719 0
1573624123797 0.10888291762095542 0
1573624124309 0.11127275222588119 0
1573624124841 0.113266634660564 0
1573624125191 0.114751293775555 0
1573624125575 0.11543183914479178 0
1573624126216 0.11542995378733635 0
1573624126589 0.115428030779334 0
1573624127457 0.08195765056225401 0
1573624128181 0.09812273285666016 0
1573624128578 0.10669877446945142 0
1573624128964 0.10977542852596853 0
1573624129358 0.11209040139423859 0
1573624129730 0.11397433346335092 0
1573624130304 0.11543266259759509 0
1573624130865 0.11543058514226437 0
1573624131186 0.11542847048532491 0
1573624131637 0.11542718264446687 0
1573624132642 0.08246689827359238 0
1573624133230 0.09970850041672083 0
1573624133542 0.10731965884125527 0
1573624134051 0.11062406381266807 0
1573624134423 0.11302782220234 0
1573624135300 0.11481408387925425 0
1573624135671 0.115431443902139 0
1573624136178 0.11542916158928443 0
1573624136670 0.1154273690609534 0
1573624137094 0.11542636031584495 0
1573624138309 0.08298390201374305 0
1573624138706 0.10137336350867818 0
1573624139088 0.10800162508583207 0
1573624139463 0.11130204531332276 0
1573624140143 0.11371333845319478 0
1573624140530 0.11543266651111518 0
1573624141103 0.11543015128551141 0
1573624141549 0.11542773949122839 0
1573624141909 0.11542662680364323 0
1573624142229 0.11542545658320844 0
1573624143190 0.08350647745129793 0
1573624143602 0.10297624675623149 0
1573624144061 0.10883120073931961 0
1573624144391 0.11210814255493222 0
1573624144886 0.11450397420743733 0
1573624145268 0.11543144850032545 0
1573624145735 0.1154286868073359 0
1573624146285 0.11542703523775108 0
1573624146639 0.11542574931188089 0
1573624146976 0.1154244661870454 0
1573624147894 0.0840487349812669 0
1573624148261 0.10418823556241603 0
1573624148725 0.10968032881302275 0
1573624149162 0.11302284184454155 0
1573624149621 0.11524452686691553 0
1573624150317 0.11543015641859691 0
1573624150719 0.11542755329659869 0
1573624151383 0.11542619757952831 0
1573624151786 0.11542478689280916 0
1573624152138 0.11542344836762856 0
1573624153052 0.08461937775779402 0
1573624153430 0.10512593294671876 0
1573624153769 0.11056608546748713 0
1573624154154 0.11371572178975027 0
1573624154474 0.11543203509707443 0
1573624154815 0.11542869258408467 0
1573624155159 0.11542682921294095 0
1573624155715 0.11542527797837726 0
1573624156133 0.1154238005984099 0
1573624156476 0.11542225364453958 0
1573624157233 0.08519850976725069 0
1573624157703 0.10597629939256506 0
1573624158144 0.11121842358606608 0
1573624158488 0.11448098844295375 0
1573624158874 0.11543080065813449 0
1573624159168 0.11542761964710616 0
1573624159699 0.11542597160867134 0
1573624160032 0.11542433995866615 0
1573624160385 0.11542264071480043 0
1573624160878 0.11542094079106827 0
1573624161897 0.08580160067455814 0
1573624162187 0.10689003026741525 0
1573624162553 0.11198303625520967 0
1573624162997 0.11521431965916071 0
1573624163431 0.1154293983984015 0
1573624163768 0.11542690183329127 0
1573624164103 0.11542503079334857 0
1573624164420 0.1154232334703715 0
1573624164784 0.11542136596598088 0
1573624165117 0.11541949837463415 0
1573624166188 0.08641191036357199 0
1573624166665 0.10761809436555235 0
1573624167103 0.11284412207234908 0
1573624167496 0.1154323045037794 0
1573624167848 0.11542805117476114 0
1573624168217 0.1154260513352603 0
1573624168584 0.11542406834664415 0
1573624169151 0.11542201712643961 0
1573624169664 0.11541996543378336 0
1573624169979 0.11541800088900242 0
1573624171245 0.08704755745836017 0
1573624171554 0.10829428092235178 0
1573624171987 0.1135937486092165 0
1573624172320 0.11543109664187334 0
1573624172650 0.11542737697696517 0
1573624173008 0.11542511847145008 0
1573624173389 0.115422934684286 0
1573624173753 0.11542068074138898 0
1573624174209 0.11541851400857064 0
1573624174563 0.11541884195071185 0
1573624175387 0.08772959650144693 0
1573624175756 0.10906001845487233 0
1573624176094 0.11429530217349235 0
1573624176439 0.115429723260289 0
1573624176957 0.11542657291766716 0
1573624177541 0.11542416452380584 0
1573624177878 0.11542168868413308 0
1573624178226 0.11541921237012599 0
1573624178597 0.11541842313598048 0
1573624178972 0.11544105709642105 0
1573624179909 0.08840704952117108 0
1573624180356 0.10984216304291798 0
1573624180794 0.11505248127395228 0
1573624181208 0.1154283601007054 0
1573624181741 0.11542569023938658 0
1573624182045 0.11542304011621927 0
1573624182393 0.1154203196958391 0
1573624182789 0.11541770191521837 0
1573624183111 0.11543284367877683 0
1573624183427 0.115476553692609 0
1573624184212 0.08910124817822823 0
1573624184581 0.11064346012231716 0
1573624184908 0.1154330537884538 0
1573624185229 0.11542771620769444 0
1573624185551 0.11542479241952507 0
1573624185912 0.11542180430609816 0
1573624186240 0.11541890287913191 0
1573624186582 0.11542094317850256 0
1573624186903 0.1154673937327276 0
1573624187247 0.11551600655646334 0
1573624188217 0.08980057867556128 0
1573624188556 0.11134748553564744 0
1573624188879 0.11543187536612903 0
1573624189194 0.11542694535842803 0
1573624189539 0.11542372995044813 0
1573624189946 0.11542044646312949 0
1573624190407 0.11541863075124235 0
1573624191102 0.11545258644643767 0
1573624191598 0.11550551008263425 0
1573624192052 0.11556081254496825 0
1573624193040 0.09050103674902123 0
1573624193373 0.1120676418760008 0
1573624193706 0.1154306255926554 0
1573624194022 0.11542609905097449 0
1573624194358 0.11542256194549838 0
1573624194774 0.11541904182390812 0
1573624195350 0.1154314335760754 0
1573624196074 0.11548921780442953 0
1573624196426 0.11554928092635568 0
1573624196937 0.11560990805774594 0
1573624197677 0.09119726578980455 0
1573624198011 0.11282862361444045 0
1573624198508 0.11542920801026224 0
1573624198952 0.11542517192071922 0
1573624199416 0.11542127856531663 0
1573624199770 0.11541902629794619 0
1573624200307 0.11546562233204279 0
1573624200663 0.11553063940544907 0
1573624200982 0.1155972391243314 0
1573624201301 0.11566384149841927 0
