1573623966303 0.9000325455793695 0
1573623967222 0.9038377936478398 0
1573623967619 0.9053508905965446 0
1573623968223 0.9059166194998671 0
1573623968512 0.9058109599534634 0
1573623968876 0.9053832554497385 0
1573623969307 0.9047055660136231 0
1573623969620 0.9040281151184852 0
1573623970027 0.903173291167156 0
1573623970604 0.9020703440392291 0
1573623971258 0.900292957035105 0
1573623971582 0.9040038714768471 0
1573623972246 0.9055207140996266 0
1573623972538 0.9056317233105013 0
1573623972840 0.9055351619408185 0
1573623973104 0.90499013778814 0
1573623973491 0.9041937727780904 0
1573623974210 0.9033715951886719 0
1573623974503 0.9022289580120961 0
1573623974956 0.9007519150640546 0
1573623975590 0.9005412461007714 0
1573623975982 0.9041415823826792 0
1573623976331 0.9056872467286197 0
1573623976655 0.905775041355642 0
1573623976982 0.9052997615621357 0
1573623977612 0.9045095307928182 0
1573623978053 0.9036421478694237 0
1573623978364 0.9024935117286593 0
1573623978655 0.9009738931290971 0
1573623978966 0.8990032996052655 0
1573623979715 0.9007782239874891 0
1573623980172 0.9042936255072475 0
1573623980690 0.905711164721432 0
1573623981114 0.905689012692263 0
1573623981381 0.904996102690744 0
1573623981713 0.9039766189395465 0
1573623982111 0.9029044580165757 0
1573623982406 0.9013665349294901 0
1573623982684 0.899314861771003 0
1573623982993 0.8968846873519452 0
1573623983632 0.9010046793739227 0
1573623983979 0.9044663469136746 0
1573623984390 0.9055755649278618 0
1573623984783 0.9053682920956545 0
1573623985068 0.904471760411868 0
1573623985379 0.9033627572824499 0
1573623985650 0.901925819853659 0
1573623985964 0.8998577783535133 0
1573623986281 0.8972728182621078 0
1573623986604 0.8943295395417781 0
1573623987493 0.9012213432751203 0
1573623987828 0.9046222448049414 0
1573623988323 0.9055107783272434 0
1573623988605 0.905056452249447 0
1573623988971 0.9039122294967563 0
1573623989261 0.9025974193450612 0
1573623989547 0.9006479647909522 0
1573623989942 0.8979425090869516 0
1573623990297 0.8948112595455998 0
1573623990657 0.8913909334079071 0
1573623991419 0.9014288498818994 0
1573623991833 0.9047410518779928 0
1573623992630 0.9056015200936204 0
1573623993031 0.904713024043629 0
1573623993908 0.9032888103651705 0
1573623994215 0.9015686179296681 0
1573623994841 0.898927401001151 0
1573623995165 0.8956579035053559 0
1573623995541 0.8919861140639358 0
1573623995977 0.8886841850335268 0
1573623997161 0.901627694661365 0
1573623997645 0.9048325645592245 0
1573623998774 0.9054816147316852 0
1573623999063 0.9041488368206673 0
1573623999642 0.9025678719178121 0
1573623999952 0.900196775464968 0
1573624000262 0.8968645410711796 0
1573624000569 0.8930066253784016 0
1573624001453 0.8891896442084912 0
1573624001819 0.8855492968496328 0
1573624002584 0.9018181919051124 0
1573624002965 0.9049462597235228 0
1573624003313 0.9051400628996475 0
1573624003660 0.9035295839654296 0
1573624004062 0.9015745093948893 0
1573624004353 0.8984328390556768 0
1573624004636 0.8944316850941598 0
1573624005082 0.8901290757508393 0
1573624005406 0.8862049107232884 0
1573624005726 0.8819101514110271 0
1573624006856 0.9020004338049304 0
1573624007789 0.9050731626957202 0
1573624008519 0.9046733126256402 0
1573624008832 0.9028381329135853 0
1573624009832 0.900273368156404 0
1573624010242 0.896322581399612 0
1573624010615 0.891651941314848 0
1573624011006 0.8872980213832771 0
1573624011581 0.8826746336131186 0
1573624012334 0.8778968087649243 0
1573624013348 0.9021742528312877 0
1573624013737 0.9050899011737519 0
1573624014138 0.9042448860124446 0
1573624014847 0.9020448641679981 0
1573624015131 0.8986024825315024 0
1573624015597 0.8938734571140478 0
1573624015883 0.888814439431628 0
1573624016166 0.8839425285051561 0
1573624016576 0.8787588684072034 0
1573624016926 0.873694153133904 0
1573624017981 0.9023391889637838 0
1573624018352 0.9050246609459619 0
1573624019096 0.90365072408996 0
1573624019397 0.9009838292563177 0
1573624019721 0.8965859038226494 0
1573624020027 0.8910788801113637 0
1573624020533 0.8858380898991601 0
1573624020906 0.8802024462617702 0
1573624021289 0.8745342207063089 0
1573624021595 0.8692800025713684 0
1573624022296 0.9024944631420572 0
1573624022702 0.9051171718578044 0
1573624023136 0.9029656996003141 0
1573624023455 0.8995924978251512 0
1573624023770 0.8942445416373638 0
1573624024108 0.8882504308533058 0
1573624024628 0.8823264776241325 0
1573624025128 0.8760580056793419 0
1573624025623 0.8702948507742121 0
1573624025909 0.864145354415372 0
1573624026605 0.9026389580952142 0
1573624026949 0.9050871992646509 0
1573624027867 0.9022060363136145 0
1573624028291 0.8978969672062179 0
1573624028674 0.891614891261875 0
1573624029007 0.8852096133441546 0
1573624029307 0.8784302101486631 0
1573624029621 0.871926276956827 0
1573624030110 0.8653560460661047 0
1573624030745 0.8589103544573 0
1573624031509 0.9027712074453307 0
1573624031951 0.9048232304202783 0
1573624032262 0.9012892396415543 0
1573624032569 0.8958560652662235 0
1573624032903 0.8887878682615347 0
1573624033205 0.8816700487398149 0
1573624033536 0.8742535059446161 0
1573624033893 0.8673109021431735 0
1573624034201 0.8601190790596577 0
1573624034517 0.8544724802355557 0
1573624035260 0.9028893936800696 0
1573624035596 0.9043394575461261 0
1573624036226 0.900125173019889 0
1573624036600 0.8934881096130802 0
1573624036934 0.8858087064056916 0
1573624037252 0.8777563176786473 0
1573624037554 0.8700849876052977 0
1573624038198 0.8621498296038084 0
1573624038647 0.8554035671160346 0
1573624038967 0.8506175190244626 0
1573624040096 0.9029913552730506 0
1573624040402 0.9037077841842969 0
1573624040731 0.8986930564511031 0
1573624041050 0.8909012832859123 0
1573624041367 0.8824263958098493 0
1573624042269 0.8736013555127401 0
1573624042633 0.8652663506738382 0
1573624042949 0.8571509171910805 0
1573624043360 0.8512822593881739 0
1573624043669 0.8478373601547918 0
1573624045113 0.9030746029164205 0
1573624045434 0.9029377192941097 0
1573624045862 0.8970171668711662 0
1573624046206 0.8881192502630053 0
1573624046832 0.8786368066507582 0
1573624047165 0.8694500792179699 0
1573624047504 0.8601030330109886 0
1573624048158 0.8528984697078176 0
1573624048482 0.8484832423593778 0
1573624048820 0.8450602030269199 0
1573624049900 0.903136344531851 0
1573624050392 0.9021686052292569 0
1573624051004 0.8950125559216846 0
1573624051410 0.8850476518169426 0
1573624051800 0.8745444281420361 0
1573624052182 0.8646665969092852 0
1573624052569 0.8553503309419906 0
1573624053008 0.8495084173811516 0
1573624053539 0.8455942164652117 0
1573624054130 0.842656839550239 0
1573624055151 0.9031735184535833 0
1573624055686 0.9013338271418414 0
1573624056265 0.8926796650987083 0
1573624056638 0.8817003735429368 0
1573624057065 0.8705139916997324 0
1573624057655 0.8595431085268821 0
1573624058262 0.8512742241008546 0
1573624058762 0.8467644795054213 0
1573624059237 0.8432177680282033 0
1573624059738 0.8407903854065676 0
1573624061200 0.9031828339363339 0
1573624061926 0.900249105232626 0
1573624062636 0.8901171029206659 0
1573624063056 0.8779343238080539 0
1573624063404 0.8660608134617456 0
1573624063753 0.8549008169695289 0
1573624064105 0.8484668048056077 0
1573624064406 0.8441803142479793 0
1573624064788 0.841240360372123 0
1573624065119 0.8385457438159962 0
1573624066507 0.9031608179357118 0
1573624066982 0.8990215252480467 0
1573624067515 0.8874397443650844 0
1573624067915 0.8739110447456343 0
1573624068269 0.8610674829018883 0
1573624068722 0.8509233011058502 0
1573624069115 0.8456144248434497 0
1573624069527 0.841957290802438 0
1573624070203 0.839096348888673 0
1573624070505 0.8359271055368169 0
1573624071273 0.9031038669424792 0
1573624071641 0.8976067808234881 0
1573624072229 0.8844800301735637 0
1573624072705 0.8699129995300913 0
1573624073079 0.8562380841399237 0
1573624073399 0.848165086088705 0
1573624073720 0.8432078835862784 0
1573624074050 0.8399671285703176 0
1573624075154 0.836504312931829 0
1573624075463 0.8335503191309728 0
1573624076255 0.9030083025282616 0
1573624076614 0.8959406382296461 0
1573624076933 0.8811068963351744 0
1573624077267 0.8656249366085973 0
1573624077623 0.852113690208282 0
1573624077964 0.8453134516102819 0
1573624078293 0.8411854437682683 0
1573624078616 0.837585416432969 0
1573624078976 0.8341378910870095 0
1573624079445 0.8307823085909165 0
1573624080369 0.9028704291844295 0
1573624080941 0.8941623458077071 0
1573624081296 0.8775138570420626 0
1573624081656 0.8608370863721201 0
1573624082122 0.8489170473322469 0
1573624082446 0.8429275386240063 0
1573624082855 0.839064156885073 0
1573624083161 0.8350700169335827 0
1573624083590 0.8314402285657805 0
1573624084100 0.8289986457756144 0
1573624084852 0.9026865930143148 0
1573624085292 0.8921274929390054 0
1573624085752 0.8735862360513578 0
1573624086132 0.8559894167165518 0
1573624086757 0.8462203102766583 0
1573624087399 0.8409321949916775 0
1573624087738 0.8365184911958075 0
1573624088311 0.8325880789823914 0
1573624088685 0.8294220546330222 0
1573624089022 0.8272461678564234 0
1573624089924 0.902453239877846 0
1573624090335 0.8897817692693637 0
1573624090769 0.869615334062387 0
1573624091202 0.8519668760015161 0
1573624091508 0.8436331763016636 0
1573624091865 0.8387892492009366 0
1573624092179 0.8341397956360326 0
1573624092493 0.8300886655513149 0
1573624092801 0.8276024500212346 0
1573624093138 0.8255223391191625 0
1573624094122 0.9021669716907845 0
1573624094436 0.8871498065367165 0
1573624094817 0.8656614793792651 0
1573624095233 0.8487417959522329 0
1573624095613 0.8414450243947198 0
1573624095956 0.8362273249420844 0
1573624096282 0.8315181738606003 0
1573624096610 0.8283171623021038 0
1573624096991 0.8259620284268937 0
1573624097329 0.8237276581092303 0
1573624098307 0.9018245997463619 0
1573624098650 0.8844971182961864 0
1573624098971 0.8612382140517144 0
1573624099273 0.8460849387286903 0
1573624099599 0.839430975211042 0
1573624099900 0.8338841008829745 0
1573624100223 0.8294394382387619 0
1573624100669 0.826652542452118 0
1573624101057 0.8241293574427508 0
1573624101493 0.8218579212125938 0
1573624103403 0.9014231941462855 0
1573624103706 0.8816958102117674 0
1573624104161 0.8564574078027481 0
1573624104467 0.8434483369401359 0
1573624104910 0.8370553976137876 0
1573624105202 0.8312663756548443 0
1573624105758 0.8276022770490222 0
1573624107110 0.8248343181943882 0
1573624107435 0.8223440259929855 0
1573624108231 0.8197821454357908 0
1573624108972 0.9009601286827121 0
1573624109314 0.878481578871256 0
1573624109741 0.8523934809916373 0
1573624110048 0.8412399989523772 0
1573624110384 0.8345931435216685 0
1573624110748 0.829265834961177 0
1573624111176 0.8259868549683516 0
1573624111494 0.8231051779613504 0
1573624111965 0.82022940948209 0
1573624112245 0.8186953289712728 0
1573624113050 0.9004331207772226 0
1573624113425 0.8750229610940846 0
1573624113832 0.8489649754569624 0
1573624114177 0.8392436936330407 0
1573624114592 0.8321664128090485 0
1573624114958 0.8274424738409851 0
1573624115399 0.8241574659831735 0
1573624115800 0.8211473870726882 0
1573624116112 0.8187022373394359 0
1573624116399 0.818665346734472 0
1573624117222 0.8998402663255721 0
1573624117600 0.8713666515691444 0
1573624117944 0.8463690344673388 0
1573624118276 0.8369129216422425 0
1573624119097 0.8297889719755542 0
1573624120112 0.825814512359949 0
1573624120433 0.8224073220971472 0
1573624120786 0.8192553739219549 0
1573624121119 0.8186731417510464 0
1573624121599 0.8186321018097159 0
1573624122374 0.8991800694860221 0
1573624122752 0.8675451451865113 0
1573624123326 0.8435864187881943 0
1573624123749 0.8344615538366612 0
1573624124220 0.8280158510444497 0
1573624124782 0.8240050036742168 0
1573624125135 0.820344895539634 0
1573624125487 0.8186855372825622 0
1573624126145 0.8186406593832448 0
1573624126516 0.8185950553849473 0
1573624127410 0.8984514675570404 0
1573624128136 0.8638278873429518 0
1573624128532 0.8412599317667373 0
1573624128897 0.832101831875453 0
1573624129316 0.8263584517425979 0
1573624129683 0.8222516117888787 0
1573624130223 0.818703417062309 0
1573624130768 0.8186544560926451 0
1573624131129 0.8186045980804998 0
1573624131531 0.8185536030772766 0
1573624132538 0.897653851100324 0
1573624133162 0.8600186255823227 0
1573624133498 0.8393162475494829 0
1573624133994 0.82971594233725 0
1573624134350 0.8245583683181493 0
1573624135253 0.8201927922558186 0
1573624135614 0.8186744598080258 0
1573624136097 0.8186199763822647 0
1573624136602 0.8185643896564593 0
1573624137015 0.8185074763155937 0
1573624138266 0.8967870793759645 0
1573624138652 0.8559313109610859 0
1573624139041 0.8371166058713035 0
1573624139431 0.8279725975415378 0
1573624140064 0.8228717594505254 0
1573624140468 0.818701364092189 0
1573624141022 0.8186421323180302 0
1573624141477 0.8185815441074705 0
1573624141862 0.8185193752370713 0
1573624142183 0.8184559052509739 0
1573624143128 0.8958514909839357 0
1573624143559 0.8517336242903352 0
1573624143977 0.8346362311693392 0
1573624144328 0.8262967882440682 0
1573624144839 0.8209624328656651 0
1573624145197 0.818672180561884 0
1573624145579 0.8186062480321742 0
1573624146243 0.8185385309645995 0
1573624146588 0.8184692195491643 0
1573624146914 0.8183981604413066 0
1573624147848 0.8948479093823806 0
1573624148230 0.8483890344814967 0
1573624148640 0.8324206346420516 0
1573624149116 0.8245377906272879 0
1573624149492 0.8191576504815673 0
1573624150270 0.8186396002228029 0
1573624150658 0.8185662390538281 0
1573624151320 0.8184906432530769 0
1573624151754 0.8184130819306614 0
1573624152107 0.8183332389988673 0
1573624153001 0.8937776427235059 0
1573624153384 0.8457131045658686 0
1573624153737 0.8299561797502806 0
1573624154107 0.82286690187404 0
1573624154427 0.818682832871515 0
1573624154768 0.8186034322616921 0
1573624155112 0.8185214509434364 0
1573624155649 0.818437077906951 0
1573624156083 0.8183499849347282 0
1573624156430 0.8182605295883373 0
1573624157186 0.8926424772632455 0
1573624157625 0.8432146235453061 0
1573624158100 0.8282363920063758 0
1573624158447 0.821020314230587 0
1573624158816 0.8186514612507334 0
1573624159121 0.8185631053614403 0
1573624159655 0.8184715531638567 0
1573624159977 0.8183768986581921 0
1573624160338 0.8182793521511156 0
1573624160752 0.8181787477186608 0
1573624161850 0.8914446635099627 0
1573624162155 0.8406823255140259 0
1573624162506 0.8264807920546027 0
1573624162912 0.8192307384118703 0
1573624163388 0.818616658215898 0
1573624163737 0.8185179598484036 0
1573624164056 0.8184157105111696 0
1573624164373 0.818309584130687 0
1573624164722 0.8181999402408752 0
1573624165070 0.8180866041830588 0
1573624166139 0.8901868943187073 0
1573624166620 0.8385362414184723 0
1573624167056 0.8248433796378668 0
1573624167465 0.8186835797483802 0
1573624167801 0.8185778669223219 0
1573624168170 0.8184676587848635 0
1573624168527 0.8183529506423732 0
1573624169088 0.8182339559921031 0
1573624169610 0.8181105066827898 0
1573624169932 0.817982377330466 0
1573624171210 0.8888722743317446 0
1573624171498 0.8364947271191665 0
1573624171940 0.8231686953908535 0
1573624172279 0.8186523033410704 0
1573624172606 0.8185344521648239 0
1573624172955 0.8184113604895025 0
1573624173345 0.8182827041991183 0
1573624173691 0.8181488455242161 0
1573624174162 0.8180093857278664 0
1573624174500 0.8178647754319208 0
1573624175340 0.8875042805131005 0
1573624175716 0.8342271089408865 0
1573624176038 0.8214764116547494 0
1573624176386 0.8186176101895303 0
1573624176895 0.8184861134764118 0
1573624177417 0.818348085821712 0
1573624177831 0.8182037362870733 0
1573624178179 0.81805289880155 0
1573624178514 0.8178953488343548 0
1573624178909 0.8177066123309527 0
1573624179847 0.886086714002071 0
1573624180284 0.832075280891492 0
1573624180734 0.8196202196302524 0
1573624181160 0.8185789458166028 0
1573624181679 0.8184320425684873 0
1573624182014 0.81827725628723 0
1573624182346 0.8181148140646664 0
1573624182742 0.8179443169837526 0
1573624183064 0.8177501839571253 0
1573624183380 0.8175193430694446 0
1573624184180 0.8846236440763638 0
1573624184527 0.8299139640557994 0
1573624184862 0.8186906615408951 0
1573624185182 0.8185356758819531 0
1573624185505 0.8183712966032524 0
1573624185868 0.8181976262685029 0
1573624186195 0.8180142834109979 0
1573624186536 0.8178202376450083 0
1573624186861 0.8175680103905227 0
1573624187202 0.8173100261009636 0
1573624188165 0.8831193456141049 0
1573624188510 0.8280102297153682 0
1573624188832 0.8186603135618591 0
1573624189147 0.8184875043911968 0
1573624189492 0.8183033452640364 0
1573624189899 0.818107950892445 0
1573624190356 0.8179009291295429 0
1573624190980 0.8176462210167581 0
1573624191508 0.817364457210388 0
1573624192021 0.8170754514754919 0
1573624192961 0.8815782320128812 0
1573624193326 0.8262892605661933 0
1573624193661 0.8186264349744167 0
1573624193991 0.8184336270174446 0
1573624194319 0.8182269999568244 0
1573624194707 0.8180065616683693 0
1573624195238 0.8177586829318625 0
1573624195995 0.8174518879318731 0
1573624196379 0.8171364153597948 0
1573624196887 0.8168128476485649 0
1573624197630 0.8800047860021638 0
1573624197967 0.8247444736786792 0
1573624198460 0.8185888150705918 0
1573624198906 0.818373278291804 0
1573624199354 0.8181410806489612 0
1573624199671 0.817892226989023 0
1573624200254 0.8175775186539794 0
1573624200594 0.8172342890525301 0
1573624200936 0.8168812291114569 0
1573624201270 0.8165180500826661 0
