1573623966288 0.12113252803450762 0
1573623967195 0.11880471422657228 0
1573623967585 0.11786632163031693 0
1573623968194 0.11751354322952931 0
1573623968481 0.1175795110100394 0
1573623968848 0.11784616796810515 0
1573623969273 0.11826744968262334 0
1573623969587 0.11868708856219772 0
1573623969971 0.11921449118471004 0
1573623970554 0.11989155105226892 0
1573623971231 0.12097465231448985 0
1573623971555 0.11870207850196927 0
1573623972222 0.11776053374478687 0
1573623972507 0.11769133155952748 0
1573623972809 0.11775152938725361 0
1573623973089 0.11809073032932602 0
1573623973440 0.11858461106528286 0
1573623974195 0.11909235117838211 0
1573623974487 0.11979441918043351 0
1573623974773 0.12069590405868937 0
1573623975542 0.12082393374412527 0
1573623975950 0.11861690612213598 0
1573623976300 0.11765670346883438 0
1573623976613 0.11760192810129039 0
1573623976950 0.1178981527675272 0
1573623977579 0.11838903429849433 0
1573623978015 0.11892550924138368 0
1573623978334 0.1196322365662801 0
1573623978629 0.12056085439661966 0
1573623978933 0.12175450996356432 0
1573623979684 0.1206799058166931 0
1573623980141 0.11852279836123183 0
1573623980659 0.11764178347906794 0
1573623981067 0.11765560192940229 0
1573623981365 0.11808702328910564 0
1573623981679 0.11871892659423854 0
1573623982071 0.1193798721684759 0
1573623982366 0.120321603106707 0
1573623982647 0.12156656620222592 0
1573623982966 0.12302490711791608 0
1573623983611 0.12054211234657737 0
1573623983963 0.11841580094815565 0
1573623984343 0.11772634529534916 0
1573623984755 0.11785548610853887 0
1573623985036 0.11841244583304496 0
1573623985348 0.11909779731488755 0
1573623985635 0.11997998616649574 0
1573623985917 0.12123836623716212 0
1573623986243 0.12279315304664118 0
1573623986561 0.12453982877721094 0
1573623987462 0.12041012918828693 0
1573623987797 0.11831914228086221 0
1573623988292 0.11776672563694648 0
1573623988588 0.1180495109761822 0
1573623988935 0.11875872400813774 0
1573623989230 0.11956847663490995 0
1573623989515 0.12075909464175046 0
1573623989911 0.12239224693967647 0
1573623990267 0.12425563461485564 0
1573623990600 0.12625962788073988 0
1573623991388 0.12028358852620141 0
1573623991800 0.11824542733944685 0
1573623992588 0.1177101640133944 0
1573623993000 0.11826282160829593 0
1573623993892 0.11914335547961663 0
1573623994183 0.12019828077595993 0
1573623994809 0.12180025037797367 0
1573623995108 0.12375456947002918 0
1573623995505 0.1259131995121309 0
1573623995942 0.1278232629111816 0
1573623997145 0.12016220494721797 0
1573623997602 0.1181886161085271 0
1573623998734 0.11778489827148955 0
1573623999034 0.11861241765209772 0
1573623999613 0.11958661102595444 0
1573623999925 0.12103298684625044 0
1573624000227 0.12303692460207247 0
1573624000539 0.12531697620279605 0
1573624001438 0.12753272489495734 0
1573624001778 0.1296106524902483 0
1573624002544 0.12004580195471104 0
1573624002934 0.11811799589136589 0
1573624003301 0.11799752023762793 0
1573624003626 0.11899495253036163 0
1573624004015 0.12019468357671068 0
1573624004322 0.12209787931608557 0
1573624004613 0.12447962148159589 0
1573624005057 0.12699097374596094 0
1573624005375 0.12923889163419658 0
1573624005690 0.13165511817819564 0
1573624006811 0.11993433763718551 0
1573624007758 0.11803912192466605 0
1573624008472 0.1182874624109064 0
1573624008801 0.11942063887340226 0
1573624009785 0.12098653533367197 0
1573624010212 0.12335977031338374 0
1573624010558 0.1261078238685178 0
1573624010964 0.12861666217548606 0
1573624011523 0.13122827617043084 0
1573624012297 0.13387360909478518 0
1573624013317 0.11982792838107521 0
1573624013690 0.1180287145287644 0
1573624014076 0.11855297402124278 0
1573624014815 0.11990714705622384 0
1573624015100 0.12199586915482528 0
1573624015571 0.12480830149080951 0
1573624015852 0.12774845586072536 0
1573624016135 0.13051728065286486 0
1573624016528 0.13340019209115958 0
1573624016879 0.13615800890330074 0
1573624017954 0.11972686964511449 0
1573624018319 0.1180692734234887 0
1573624019065 0.11892021670908057 0
1573624019365 0.1205548057995601 0
1573624019688 0.12320301464843225 0
1573624019989 0.12644088104079987 0
1573624020469 0.1294470261579059 0
1573624020859 0.13260363804166034 0
1573624021211 0.13570445605443032 0
1573624021560 0.13851680947932957 0
1573624022265 0.119631652912862 0
1573624022662 0.11801175661244968 0
1573624023103 0.11934221768156131 0
1573624023430 0.12139884253668848 0
1573624023739 0.12458990661631753 0
1573624024077 0.12807205940445518 0
1573624024582 0.13142283795975956 0
1573624025097 0.13487787168882384 0
1573624025591 0.13797807233585405 0
1573624025878 0.1412110594179478 0
1573624026553 0.11954297805628022 0
1573624026914 0.11803039454275817 0
1573624027835 0.1198084608157724 0
1573624028240 0.12241955189971777 0
1573624028660 0.12612938356350245 0
1573624028975 0.12980284869707945 0
1573624029260 0.13358087913274688 0
1573624029560 0.1371075850962374 0
1573624030079 0.14058043818255275 0
1573624030713 0.1439060443446647 0
1573624031477 0.11946176049143299 0
1573624031874 0.11819441200872291 0
1573624032234 0.12036873960136776 0
1573624032536 0.1236369990994034 0
1573624032856 0.12776371963758804 0
1573624033174 0.131788892140746 0
1573624033505 0.135856182526081 0
1573624033858 0.13955618380199308 0
1573624034170 0.14328829197572068 0
1573624034489 0.14615175279736092 0
1573624035229 0.1193891326802391 0
1573624035554 0.11849441575858156 0
1573624036195 0.12107639578428506 0
1573624036561 0.12503468683599503 0
1573624036902 0.12946368390797586 0
1573624037221 0.13395060397748593 0
1573624037538 0.13808965160705605 0
1573624038167 0.14224438043963375 0
1573624038612 0.14568346219757206 0
1573624038936 0.1480748489782923 0
1573624039958 0.11932643971810725 0
1573624040366 0.11888499795075813 0
1573624040699 0.12194137022347723 0
1573624041019 0.12654392052977428 0
1573624041336 0.13136702965220645 0
1573624042234 0.13620801774975216 0
1573624042602 0.14062725542864282 0
1573624042902 0.14480054367744152 0
1573624043329 0.1477450208901113 0
1573624043633 0.1494464081301517 0
1573624045082 0.11927522893698492 0
1573624045386 0.11935942289195557 0
1573624045831 0.12294585232778922 0
1573624046175 0.12814720797509696 0
1573624046800 0.13346732675612885 0
1573624047118 0.13842666970443668 0
1573624047472 0.14329651019789924 0
1573624048125 0.1469400081912797 0
1573624048445 0.14912889450495748 0
1573624048784 0.15080403281880242 0
1573624049855 0.11923723364024441 0
1573624050355 0.11983138723881087 0
1573624050897 0.12413668563523884 0
1573624051371 0.12989438797103922 0
1573624051753 0.13569893573368783 0
1573624052129 0.14093990217589542 0
1573624052522 0.1457102779228171 0
1573624052977 0.14862352894739048 0
1573624053478 0.1505439289233524 0
1573624054083 0.15196913763425232 0
1573624055113 0.11921435126540467 0
1573624055632 0.12034155134251556 0
1573624056222 0.12550830776273614 0
1573624056592 0.13177200407375483 0
1573624057009 0.13786146391709259 0
1573624057579 0.1435829892511814 0
1573624058209 0.1477490122016136 0
1573624058682 0.1499723470869091 0
1573624059170 0.15169801073518904 0
1573624059701 0.152867833234762 0
1573624061156 0.11920861643993605 0
1573624061873 0.12100125210744439 0
1573624062590 0.12699789277369078 0
1573624063024 0.13385304181890542 0
1573624063357 0.14021203508695515 0
1573624063690 0.14593650726402618 0
1573624064065 0.14913698353675875 0
1573624064371 0.15123162768868526 0
1573624064732 0.1526516548022402 0
1573624065088 0.15394167704189785 0
1573624066443 0.11922216955193173 0
1573624066910 0.12174352369214471 0
1573624067445 0.12853576887121243 0
1573624067899 0.1360410538316605 0
1573624068238 0.1428017127661606 0
1573624068675 0.14792321864647226 0
1573624069068 0.15053407712850664 0
1573624069480 0.15230659087352844 0
1573624070172 0.1536789603485705 0
1573624070489 0.1551850513327245 0
1573624071242 0.1192572215982671 0
1573624071598 0.12259339238611194 0
1573624072198 0.13021469491777588 0
1573624072658 0.13818102641377977 0
1573624073032 0.14526245855168995 0
1573624073368 0.14928538350571122 0
1573624073689 0.15170279261169906 0
1573624074019 0.15326255568790811 0
1573624075109 0.15491184082299483 0
1573624075433 0.15630502771532484 0
1573624076183 0.11931601619367836 0
1573624076565 0.12358678748058381 0
1573624076917 0.1321021228026072 0
1573624077220 0.1404399950340287 0
1573624077591 0.1473314457042201 0
1573624077934 0.15068073807168847 0
1573624078254 0.15267805441377982 0
1573624078580 0.15439881962056579 0
1573624078921 0.15602890329263552 0
1573624079406 0.15759932289373688 0
1573624080320 0.11940078971875658 0
1573624080910 0.12463831443292474 0
1573624081265 0.13408337836625983 0
1573624081622 0.14292007019187747 0
1573624082075 0.14891525731823607 0
1573624082415 0.15183835465736087 0
1573624082823 0.15369433285934642 0
1573624083129 0.1555898533863261 0
1573624083545 0.15729265069290085 0
1573624083921 0.15842774447878122 0
1573624084807 0.11951373064550085 0
1573624085234 0.12583076892818934 0
1573624085711 0.1362161639220931 0
1573624086098 0.14538803574065748 0
1573624086658 0.15023840162502727 0
1573624087365 0.15279973761929252 0
1573624087685 0.15490512373879742 0
1573624088265 0.15675617376043596 0
1573624088644 0.15823148496570516 0
1573624088983 0.15923748486877312 0
1573624089893 0.1196569390979366 0
1573624090272 0.1271915272103638 0
1573624090737 0.13833902920097987 0
1573624091171 0.14740455924543058 0
1573624091476 0.1514969088458583 0
1573624091831 0.15382554578329424 0
1573624092140 0.15602800747155154 0
1573624092458 0.15792200155401456 0
1573624092770 0.15907319688549626 0
1573624093107 0.16002999051864916 0
1573624094090 0.1198323876761684 0
1573624094389 0.12870120654540979 0
1573624094786 0.14042089768307547 0
1573624095202 0.14900160074805277 0
1573624095571 0.1525532280948847 0
1573624095922 0.15504300807870824 0
1573624096250 0.1572562789074042 0
1573624096569 0.1587431178162912 0
1573624096953 0.15982822296602792 0
1573624097287 0.16085092087193656 0
1573624098263 0.12004188449276995 0
1573624098603 0.1302050636524174 0
1573624098940 0.1427139428330983 0
1573624099241 0.15030451416282364 0
1573624099558 0.15351907650017338 0
1573624099869 0.15614822973587228 0
1573624100191 0.15822342207156256 0
1573624100602 0.15951084016694508 0
1573624100994 0.16066753827101607 0
1573624101462 0.16170175085024685 0
1573624103369 0.12028703924386351 0
1573624103675 0.131774545558934 0
1573624104130 0.14515160980984618 0
1573624104436 0.1515864237466129 0
1573624104879 0.1546505446291899 0
1573624105171 0.15737374577705915 0
1573624105727 0.15907327668719845 0
1573624107077 0.1603452046590751 0
1573624107398 0.16148097850234358 0
1573624108200 0.16264112586356969 0
1573624108925 0.12056923297378314 0
1573624109267 0.13355265417591813 0
1573624109699 0.14719200921269457 0
1573624110018 0.15265182855953455 0
1573624110343 0.15581462485534694 0
1573624110703 0.1583039246168259 0
1573624111134 0.15981682280005802 0
1573624111463 0.16113468139875387 0
1573624111887 0.1624391793972315 0
1573624112214 0.1631307981045987 0
1573624113019 0.12088959200807985 0
1573624113362 0.13543988604594534 0
1573624113801 0.14889163521188564 0
1573624114131 0.15360857980325615 0
1573624114529 0.15695346319643916 0
1573624114927 0.15914698569967378 0
1573624115326 0.16065469840646968 0
1573624115769 0.16202391020903034 0
1573624116080 0.16312769013627876 0
1573624116368 0.1631442859645661 0
1573624117175 0.12124896634574536 0
1573624117543 0.13740680826420826 0
1573624117897 0.1501657343900822 0
1573624118230 0.15471814175067417 0
1573624119024 0.15806121345010576 0
1573624120082 0.1598959445002324 0
1573624120400 0.16145220933918533 0
1573624120754 0.1628786500463218 0
1573624121081 0.1631407793924431 0
1573624121492 0.16315924027927503 0
1573624122327 0.12164791263985002 0
1573624122710 0.13943294645295592 0
1573624123245 0.15151955779761048 0
1573624123714 0.15587659181833957 0
1573624124131 0.15888235747784213 0
1573624124726 0.16072433024905838 0
1573624125092 0.16238699490437317 0
1573624125427 0.16313520313293875 0
1573624126094 0.16315539102127544 0
1573624126455 0.16317590297964718 0
1573624127379 0.12208668177550416 0
1573624128099 0.1413759551497968 0
1573624128498 0.152642245301617 0
1573624128863 0.15698365746941068 0
1573624129280 0.15964609100144025 0
1573624129647 0.16152297313830202 0
1573624130152 0.1631271593912284 0
1573624130683 0.1631491849711164 0
1573624131092 0.1631716110391889 0
1573624131478 0.16319454533635588 0
1573624132477 0.12256521098751132 0
1573624133081 0.14333973295796668 0
1573624133465 0.15357391191960337 0
1573624133931 0.1580951181726438 0
1573624134308 0.16047145606360436 0
1573624135221 0.1624557220622813 0
1573624135579 0.1631401864597807 0
1573624136010 0.1631646942280873 0
1573624136583 0.16318969449038231 0
1573624136960 0.1632152874334045 0
1573624138226 0.1230831204496704 0
1573624138608 0.14541736354938 0
1573624138994 0.1546214955556793 0
1573624139384 0.15890233544244597 0
1573624139984 0.161240957596141 0
1573624140437 0.16312808300002038 0
1573624140963 0.16315472847547555 0
1573624141426 0.1631819796438097 0
1573624141815 0.16320993702645045 0
1573624142136 0.16323847458214705 0
1573624143097 0.12363971430469384 0
1573624143512 0.14752064418498667 0
1573624143899 0.155794329073546 0
1573624144297 0.1596744352046933 0
1573624144792 0.16210766425659714 0
1573624145150 0.16314121178547858 0
1573624145515 0.1631708689424152 0
1573624146196 0.16320132319345323 0
1573624146551 0.16323248858304265 0
1573624146882 0.163264433634182 0
1573624147801 0.12423398616917308 0
1573624148183 0.1491752488942863 0
1573624148577 0.15683454743291989 0
1573624149069 0.16048086670109543 0
1573624149461 0.16292267600576557 0
1573624150223 0.16315586744416924 0
1573624150600 0.16318886278110512 0
1573624151289 0.16322285620092178 0
1573624151707 0.16325772610699343 0
1573624152060 0.16329361399773257 0
1573624152967 0.12486462921581713 0
1573624153344 0.15048596047194981 0
1573624153690 0.15798355820663004 0
1573624154060 0.1612431685222808 0
1573624154395 0.1631364197567916 0
1573624154721 0.1631721353860725 0
1573624155081 0.1632090036571878 0
1573624155601 0.16324693882673028 0
1573624156049 0.16328608766933167 0
1573624156381 0.16332628864496399 0
1573624157140 0.12553005097685332 0
1573624157556 0.15169953198349165 0
1573624158057 0.15878045474834132 0
1573624158393 0.16208145810470706 0
1573624158753 0.16315053213407732 0
1573624159090 0.16319027205985864 0
1573624159593 0.16323143938643564 0
1573624159945 0.16327399078236027 0
1573624160300 0.16331783066135444 0
1573624160705 0.16336303252591564 0
1573624161834 0.12622839300259014 0
1573624162108 0.15291970221161977 0
1573624162474 0.1595898412323242 0
1573624162847 0.16288974985601673 0
1573624163342 0.1631661866888162 0
1573624163690 0.16321057347192558 0
1573624164009 0.163256544475535 0
1573624164342 0.16330424490005155 0
1573624164675 0.16335351170384335 0
1573624165039 0.16340442191404825 0
1573624166102 0.12695755543028256 0
1573624166559 0.15394620709741466 0
1573624167009 0.16034105722053224 0
1573624167418 0.16313608376283914 0
1573624167770 0.16318363340970835 0
1573624168123 0.16323319030121045 0
1573624168479 0.16328475471933182 0
1573624169057 0.16333822883659632 0
1573624169547 0.16339368630427778 0
1573624169900 0.1634512263006403 0
1573624171182 0.12771522636498747 0
1573624171458 0.15491638202572236 0
1573624171909 0.1611057495748363 0
1573624172230 0.1631501533396105 0
1573624172564 0.16320315736184 0
1573624172919 0.1632584999455116 0
1573624173305 0.1633163243610546 0
1573624173651 0.16337646525799884 0
1573624174131 0.16343909912475307 0
1573624174469 0.1635040208333434 0
1573624175309 0.12849891575326208 0
1573624175668 0.1559869333801872 0
1573624176004 0.1618748086980425 0
1573624176348 0.16316575850696197 0
1573624176863 0.1632248928961248 0
1573624177357 0.16328694122809367 0
1573624177784 0.16335180625689552 0
1573624178147 0.16341955920853882 0
1573624178483 0.1634902972825119 0
1573624178862 0.16357499746977552 0
1573624179727 0.12930599316195554 0
1573624180206 0.15699606947440517 0
1573624180673 0.16271417601267563 0
1573624181120 0.1631831481928619 0
1573624181648 0.16324920249896444 0
1573624181967 0.16331877246670307 0
1573624182315 0.16339175160437552 0
1573624182711 0.16346831444045673 0
1573624183018 0.16355544751607404 0
1573624183349 0.16365899586990593 0
1573624184149 0.130133728586497 0
1573624184496 0.1580031677747003 0
1573624184815 0.1631328978760444 0
1573624185151 0.1632026070787745 0
1573624185470 0.16327650880679337 0
1573624185822 0.16335455129181356 0
1573624186160 0.163436899895118 0
1573624186503 0.16352401054740026 0
1573624186829 0.16363717060865024 0
1573624187161 0.16375283262898457 0
1573624188123 0.13097933513932414 0
1573624188461 0.15888495400410385 0
1573624188785 0.16314655008683798 0
1573624189116 0.16322426751049704 0
1573624189461 0.1633070486380928 0
1573624189851 0.16339483425002027 0
1573624190311 0.16348779231873783 0
1573624190902 0.16360209030944056 0
1573624191396 0.1637284363466683 0
1573624191988 0.1638579285357334 0
1573624192916 0.13184001224266692 0
1573624193295 0.15967789502756832 0
1573624193627 0.1631617892124912 0
1573624193944 0.1632484902020465 0
1573624194281 0.16334135421575705 0
1573624194661 0.16344036721198757 0
1573624195176 0.16355163387759433 0
1573624195928 0.16368924187032347 0
1573624196348 0.16383062151675126 0
1573624196852 0.16397550238603886 0
1573624197590 0.1327129877992551 0
1573624197932 0.1603863208478032 0
1573624198427 0.16317870957396313 0
1573624198844 0.16327561807734156 0
1573624199306 0.16337995323236523 0
1573624199637 0.16349169864494467 0
1573624200201 0.1636329062096088 0
1573624200541 0.16378677228872515 0
1573624200904 0.16394489453174815 0
1573624201239 0.1641073897649457 0
