1573621771617 0.08609880592038338 0
1573621772421 0.0860988260446953 0
1573621773038 0.08609884616943977 0
1573621773746 0.08609886629461748 0
1573621774742 0.08609888642022735 0
1573621775422 0.08609890654627028 0
1573621776098 0.08609892667274563 0
1573621776773 0.0860989467996539 0
1573621777380 0.08609896692699491 0
1573621777925 0.08609898705476843 0
1573621778618 0.0860988209715969 0
1573621779254 0.08609884757421706 0
1573621779908 0.08609887417759293 0
1573621780648 0.08609890078172495 0
1573621781362 0.08609892738661355 0
1573621782353 0.0860989539922581 0
1573621783170 0.0860989805986583 0
1573621783883 0.08609900720581498 0
1573621784591 0.08609903381372823 0
1573621785301 0.08609906042239736 0
1573621786074 0.0860988408670683 0
1573621786801 0.08609887603322947 0
1573621787401 0.08609891120071149 0
1573621788037 0.08609894636951525 0
1573621788919 0.0860989815396396 0
1573621789814 0.08609901671108602 0
1573621790610 0.08609905188385326 0
1573621791606 0.08609908781889576 0
1573621792522 0.08609912308943649 0
1573621793661 0.08609915836130107 0
1573621794356 0.0860988671653553 0
1573621794916 0.0860989136513135 0
1573621795552 0.08609896013958014 0
1573621796483 0.0860990066301555 0
1573621797347 0.08609905312304 0
1573621797925 0.08609910037265255 0
1573621798724 0.0860991469959071 0
1573621799576 0.0860991936214748 0
1573621800346 0.08609924024935675 0
1573621801402 0.08609928687955225 0
1573621802409 0.08609890192602884 0
1573621803523 0.0860989633748685 0
1573621804567 0.08609902482774212 0
1573621805337 0.0860990869494711 0
1573621806081 0.08609914857663761 0
1573621806785 0.086099210207847 0
1573621807349 0.08609927184309908 0
1573621808056 0.08609933348239455 0
1573621808709 0.08609939512573339 0
1573621809601 0.08609945677311624 0
1573621810289 0.08609894787040447 0
1573621810987 0.08609902909715443 0
1573621811697 0.08609911099004502 0
1573621812469 0.08609919245061766 0
1573621813326 0.08609927391825287 0
1573621814043 0.08609935539295273 0
1573621814878 0.08609943687471755 0
1573621815730 0.08609951836354794 0
1573621816610 0.08609959985944499 0
1573621817545 0.08609968136240898 0
1573621818470 0.08609900859360411 0
1573621819469 0.08609911654264273 0
1573621820661 0.08609922421363644 0
1573621821389 0.08609933189697137 0
1573621822270 0.08609943959264905 0
1573621823195 0.08609954730067132 0
1573621823963 0.08609965502103951 0
1573621825679 0.08609976275375554 0
1573621827226 0.08609987311310426 0
1573621828080 0.08609998116111214 0
1573621828776 0.08609908922798305 0
1573621829698 0.08609923153108964 0
1573621830651 0.08609937385575586 0
1573621831511 0.08609951620198526 0
1573621832689 0.08609965856978166 0
1573621833702 0.0860998009591491 0
1573621834892 0.08609994605771919 0
1573621836218 0.08610008887434853 0
1573621837659 0.08610023171259998 0
1573621838887 0.086100374572479 0
1573621840229 0.08609919539964946 0
1573621841379 0.08609938348925161 0
1573621842339 0.08609957161652022 0
1573621843412 0.08609975978146374 0
1573621844540 0.08609995052138623 0
1573621845692 0.08610013926937689 0
1573621846741 0.08610032805513988 0
1573621847865 0.08610051687886114 0
1573621849069 0.08610071030943572 0
1573621850428 0.08610089971673723 0
1573621852250 0.08609933568533033 0
1573621853414 0.08609958428201452 0
1573621854511 0.08609983495639803 0
1573621855642 0.08610008435558346 0
1573621856954 0.08610033382073433 0
1573621858175 0.08610058737721404 0
1573621859452 0.0861008376463054 0
1573621860691 0.08610108798101102 0
1573621861907 0.08610134442089491 0
1573621863076 0.08610159555958279 0
1573621864200 0.08609952101771133 0
1573621865612 0.08609985133880466 0
1573621866951 0.08610018088891228 0
1573621869043 0.0861005105543004 0
