1573621771562 0.8783901769185187 0
1573621772390 0.8783900433417665 0
1573621773007 0.8783899097467538 0
1573621773699 0.8783897761334789 0
1573621774711 0.8783896425019422 0
1573621775390 0.8783895088521425 0
1573621776067 0.8783893751840772 0
1573621776741 0.8783892414977469 0
1573621777343 0.8783891077931489 0
1573621777909 0.8783889740702848 0
1573621778559 0.8783900627050938 0
1573621779208 0.8783898861075872 0
1573621779877 0.8783897094781714 0
1573621780593 0.8783895328168428 0
1573621781329 0.8783893561235983 0
1573621782324 0.8783891793984364 0
1573621783124 0.8783890026413561 0
1573621783850 0.8783888258523525 0
1573621784559 0.8783886490314228 0
1573621785254 0.8783884721785665 0
1573621786037 0.878389911714177 0
1573621786773 0.8783896782331362 0
1573621787355 0.8783894446963335 0
1573621787996 0.8783892111037608 0
1573621788849 0.8783889774554147 0
1573621789737 0.878388743751288 0
1573621790539 0.878388509991376 0
1573621791558 0.8783882723974511 0
1573621792467 0.8783880380537938 0
1573621793623 0.8783878036543601 0
1573621794301 0.8783897120999906 0
1573621794885 0.8783894034001998 0
1573621795511 0.8783890946029632 0
1573621796446 0.8783887857082682 0
1573621797325 0.8783884767161008 0
1573621797887 0.8783881638807597 0
1573621798692 0.8783878540694909 0
1573621799265 0.878387544160759 0
1573621800300 0.8783872341545473 0
1573621801340 0.8783869240508451 0
1573621802343 0.8783894481989369 0
1573621803404 0.8783890400258358 0
1573621804500 0.8783886316824506 0
1573621805290 0.8783882198679038 0
1573621806043 0.8783878103588526 0
1573621806739 0.878387400679506 0
1573621807317 0.8783869908298337 0
1573621808009 0.8783865808098056 0
1573621808647 0.8783861706193903 0
1573621809307 0.8783857602585566 0
1573621810258 0.8783890992973813 0
1573621810936 0.8783885595590813 0
1573621811666 0.878388016250955 0
1573621812433 0.8783874748269822 0
1573621813267 0.8783869331054459 0
1573621813996 0.8783863910862711 0
1573621814847 0.8783858487693866 0
1573621815681 0.8783853061547231 0
1573621816561 0.8783847632422064 0
1573621817485 0.8783842200317674 0
1573621818437 0.878388638000422 0
1573621819427 0.8783879213396227 0
1573621820314 0.8783872056009311 0
1573621821358 0.8783864893423401 0
1573621822224 0.8783857725636841 0
1573621823163 0.8783850552647992 0
1573621823916 0.8783843374455205 0
1573621825646 0.8783836191056821 0
1573621827188 0.8783828872776133 0
1573621828028 0.8783821664565891 0
1573621828745 0.8783880261658885 0
1573621829667 0.8783870802085917 0
1573621830565 0.8783861333430908 0
1573621831465 0.8783851855690081 0
1573621832612 0.8783842368859611 0
1573621833670 0.8783832872935703 0
1573621834829 0.8783823234616492 0
1573621836084 0.8783813701469294 0
1573621837591 0.8783804159221653 0
1573621838822 0.8783794607869723 0
1573621840158 0.8783872190510501 0
1573621841317 0.8783859677130678 0
1573621842280 0.8783847147880889 0
1573621843335 0.8783834602752354 0
1573621844460 0.8783821915899487 0
1573621845620 0.8783809313842784 0
1573621846659 0.8783796695888646 0
1573621847791 0.8783784062015919 0
1573621848946 0.8783771185813163 0
1573621850313 0.8783758494985235 0
1573621852158 0.8783861517238376 0
1573621853342 0.8783844960653983 0
1573621854428 0.8783828276550371 0
1573621855535 0.8783811631248488 0
1573621856873 0.8783794958188844 0
1573621858078 0.8783778057863406 0
1573621859357 0.8783761295982554 0
1573621860558 0.8783744506333926 0
1573621861815 0.8783727389854483 0
1573621863005 0.87837105113784 0
1573621864106 0.8783847401375497 0
1573621865459 0.8783825401098264 0
1573621866814 0.8783803396355796 0
1573621868539 0.8783781343130472 0
