1573621771518 0.13360287157801506 0
1573621772359 0.133602944952979 0
1573621772975 0.1336030183379333 0
1573621773668 0.1336030917328789 0
1573621774695 0.1336031651378155 0
1573621775359 0.13360323855274386 0
1573621776036 0.1336033119776652 0
1573621776715 0.1336033854125794 0
1573621777310 0.13360345885748776 0
1573621777878 0.13360353231238942 0
1573621778527 0.13360293431652404 0
1573621779192 0.13360303132313817 0
1573621779846 0.13360312834720975 0
1573621780536 0.1336032253887409 0
1573621781301 0.1336033224477332 0
1573621782294 0.13360341952418742 0
1573621783077 0.13360351661810413 0
1573621783817 0.13360361372948595 0
1573621784533 0.1336037108583344 0
1573621785223 0.13360380800464963 0
1573621786007 0.1336030172572102 0
1573621786747 0.13360314551037156 0
1573621787339 0.13360327379404022 0
1573621787969 0.13360340210822064 0
1573621788822 0.13360353045291448 0
1573621789690 0.1336036588281257 0
1573621790492 0.13360378723385674 0
1573621791502 0.13360391774550773 0
1573621792401 0.13360404647164398 0
1573621793590 0.1336041752282944 0
1573621794254 0.13360312690702222 0
1573621794853 0.13360329647833014 0
1573621795474 0.1336034661029505 0
1573621796410 0.1336036357808901 0
1573621797299 0.13360380551215628 0
1573621797862 0.13360397735428137 0
1573621798664 0.1336041475350495 0
1573621799239 0.13360431776913773 0
1573621800268 0.133604488056555 0
1573621801293 0.13360465839730698 0
1573621802296 0.13360327187003254 0
1573621803321 0.13360349608255037 0
1573621804429 0.1336037203882301 0
1573621805259 0.13360394660026 0
1573621806005 0.1336041715454886 0
1573621806704 0.13360439658388223 0
1573621807286 0.1336046217154571 0
1573621807962 0.1336048469402293 0
1573621808594 0.13360507225821563 0
1573621809291 0.1336052976694327 0
1573621810226 0.13360346352427332 0
1573621810900 0.1336037600060272 0
1573621811634 0.13360405844804546 0
1573621812392 0.13360435585442498 0
1573621813211 0.13360465342359482 0
1573621813965 0.13360495115559498 0
1573621814815 0.13360524905046353 0
1573621815643 0.13360554710823755 0
1573621816518 0.13360584532895645 0
1573621817444 0.1336061437126573 0
1573621818408 0.13360371691773013 0
1573621819380 0.13360411058327223 0
1573621820267 0.13360450374113808 0
1573621821327 0.1336048971834283 0
1573621822179 0.13360529091023135 0
1573621823148 0.13360568492163494 0
1573621823892 0.13360607921772688 0
1573621825617 0.13360647379859583 0
1573621827163 0.1336068757872913 0
1573621827990 0.133607271728702 0
1573621828713 0.13360405300172612 0
1573621829649 0.1336045726194869 0
1573621830503 0.13360509273410368 0
1573621831415 0.13360561334577803 0
1573621832544 0.13360613445471442 0
1573621833633 0.1336066560611153 0
1573621834782 0.13360718548713738 0
1573621835973 0.13360770913407186 0
1573621837532 0.13360823327882992 0
1573621838772 0.13360875792161714 0
1573621840104 0.13360449635294944 0
1573621841268 0.1336051837147116 0
1573621842206 0.13360587194467036 0
1573621843272 0.13360656104329444 0
1573621844382 0.13360725792316178 0
1573621845571 0.1336079501416373 0
1573621846583 0.13360864322974997 0
1573621847744 0.13360933718864826 0
1573621848846 0.13361004445464794 0
1573621850215 0.1336107415346877 0
1573621852045 0.1336050826375516 0
1573621853291 0.13360599208837842 0
1573621854381 0.13360690853755558 0
1573621855470 0.13360782284910952 0
1573621856818 0.13360873867910006 0
1573621858017 0.13360966698610552 0
1573621859295 0.13361058768220746 0
1573621860499 0.13361150989717682 0
1573621861768 0.13361245005762348 0
1573621862940 0.1336133771387318 0
1573621863977 0.1336058580202817 0
1573621865366 0.13360706648401666 0
1573621866739 0.1336082751820909 0
1573621868441 0.1336094865323084 0
1573621870385 0.13361071260209642 0
